Epoch	AverageEpRet	StdEpRet	MaxEpRet	MinEpRet	AverageTestEpRet	StdTestEpRet	MaxTestEpRet	MinTestEpRet	AverageEpCost	StdEpCost	MaxEpCost	MinEpCost	AverageTestEpCost	StdTestEpCost	MaxTestEpCost	MinTestEpCost	EpLen	TestEpLen	EpGoals	TestEpGoals	CumulativeCost	CostRate	TotalEnvInteracts	AverageQR1Vals	StdQR1Vals	MaxQR1Vals	MinQR1Vals	AverageQR2Vals	StdQR2Vals	MaxQR2Vals	MinQR2Vals	AverageQCVals	StdQCVals	MaxQCVals	MinQCVals	AverageQCVar	StdQCVar	MaxQCVar	MinQCVar	AverageLogPi	StdLogPi	MaxLogPi	MinLogPi	LossPi	LossQR1	LossQR2	LossQC	LossQCVar	LossAlpha	LogAlpha	Alpha	QcPi	QcPiRaw	QcPiVar	QcPiCVaR	PiEntTerm	PiQTerm	PiCostTerm	LossBeta	LogBeta	Beta	PiEntropy	TestTime	EpochTime	TotalTime
1	1826.5677	670.4834	2834.5837	453.95764	2041924.4	707286.1	2890537.8	919318.75	57.662483	19.653683	109.51027	26.646137	50.67282	18.393206	86.307724	31.988453	288.0	288.0	0.0	0.0	6000.4688	0.1000078125	30001.0	274.71548	176.37822	937.35016	-8.4420595	274.76102	176.30669	941.9563	-8.131713	10.5948105	4.8369274	28.03055	0.10162445	3.01968	1.2463213	14.882265	0.0059276274	0.9790291	1.3212392	15.847593	-14.423593	-248.59743	39.64877	39.74472	0.05633734	0.0024426568	0.010824527	-0.63060206	0.53881675	10.572792	10.550118	3.021047	13.552355	0.5279922	274.8122	25.686731	-15.622187	0.413034	1.6820349	-0.97902876	0.30452538	275.79242	276.58258628845215
2	1954.2883	510.829	2782.5498	448.42157	1683483.4	536042.4	2496522.8	576594.8	30.552391	12.81737	86.37723	15.750588	34.44656	11.575409	58.85435	18.334455	288.0	288.0	0.0	0.0	9182.112	0.10202347005208333	60001.0	503.51544	171.97676	1027.9807	74.64848	503.51553	171.97644	1027.5299	73.16499	13.183178	4.6518974	31.68276	7.172286	4.715005	1.6923327	15.293109	1.3718091	1.0018449	1.2185959	7.961829	-13.57227	-427.69626	84.531044	84.63171	0.049288	0.0027801895	-0.0012627797	-0.22031453	0.8042211	13.124584	13.12454	4.7145987	16.887304	0.8054839	503.24612	74.74437	-47.869877	1.4810007	4.479082	-1.0018461	0.32876587	277.81705	554.5182344913483
3	1862.2404	544.0515	2714.7256	284.28394	1701869.0	794905.5	2475599.0	268745.56	21.282545	7.072902	63.41724	10.202432	13.819414	2.6145203	17.037151	9.046332	288.0	288.0	0.0	0.0	11395.086	0.09495904947916667	90001.0	544.60455	169.32564	1034.6362	43.262535	544.6039	169.32635	1032.8953	46.326595	9.702016	3.299701	28.724405	5.8769894	2.7813601	2.591816	21.46833	0.50683457	0.99954844	1.0827081	9.196011	-12.921656	-452.7714	87.33475	87.45369	0.025266083	0.002400841	0.000541921	-0.1859677	0.8310215	9.641033	9.640758	2.7799537	12.373473	0.8304796	544.2126	90.6107	-46.15125	1.9962432	7.40991	-0.99954885	0.30218196	272.64914	827.0482401847839
4	1633.9286	583.8009	2747.14	187.59901	1950234.4	363437.53	2459995.0	1286465.2	16.966051	4.044818	32.709404	10.725148	9.599459	1.6055467	12.083325	7.083321	288.0	288.0	0.0	0.0	13164.374	0.08776249348958333	120001.0	533.4408	176.65982	1035.4453	7.746312	533.4391	176.66405	1033.5063	7.243615	7.1600986	1.7799901	19.30548	4.474103	1.4110364	1.4013994	17.446243	0.33200267	1.00044	1.0366817	6.257495	-13.283349	-439.29514	91.60993	91.66151	0.01303378	0.0013106149	-0.00018635117	-0.1785525	0.8369288	7.0996175	7.0980496	1.4110986	9.036704	0.8371151	532.9185	92.786224	-30.797043	2.331865	10.331594	-1.0004401	0.29364848	277.89517	1104.903889656067
5	1573.9083	695.16473	2603.1992	144.99376	1531621.2	743044.75	2688508.2	384468.1	13.388495	2.5867774	20.180351	8.190468	8.437406	1.9618136	11.878858	4.640565	288.0	288.0	0.0	0.0	14554.309	0.08085726996527778	150001.0	511.0381	191.00194	1008.2189	0.09996796	511.03525	191.00818	1011.40924	0.1883471	5.7078595	0.82534176	12.167237	3.9377227	0.8724542	0.65405244	11.481889	0.2734182	0.9999949	1.0267143	4.5651445	-12.274235	-414.4962	95.70583	95.77758	0.007764457	0.00039584475	0.0001831212	-0.20211054	0.8175233	5.6497016	5.6453123	0.872446	7.21526	0.8173402	510.46274	95.14917	-15.902163	2.5808213	13.2341385	-0.99999505	0.33863974	276.8838	1381.8605165481567
6	1645.3552	617.091	2644.9849	59.379555	1557940.2	614531.06	2183881.8	108611.72	10.889876	2.048618	15.66647	3.1101758	8.38875	3.106899	14.471419	2.4464557	288.0	288.0	0.0	0.0	15688.236	0.07470588727678572	180001.0	498.93088	199.86514	973.6992	-11.727767	498.92917	199.87036	970.587	-13.767441	4.89016	0.42884803	7.703319	3.002401	0.648106	0.45061168	3.5692458	0.21228959	1.000572	1.0275956	6.835895	-12.760986	-398.06042	100.17656	100.24641	0.0065715993	0.00036182316	-0.00035423686	-0.11733206	0.8907497	4.8352823	4.826742	0.6479526	6.1904373	0.8911039	498.31952	99.36797	-4.644038	2.7758799	16.073608	-1.0005721	0.30093718	276.75104	1658.6102964878082
7	1578.2911	629.40717	2589.3076	77.14892	1530034.4	874814.7	2665820.8	59873.832	9.094397	1.9019955	15.08391	5.0367293	5.3025813	2.7831347	9.144819	0.3893279	288.0	288.0	0.0	0.0	16636.36	0.0693181640625	210001.0	481.3007	198.90791	914.5858	-21.240955	481.30045	198.90926	911.7753	-21.75617	4.535444	0.3229393	6.702738	3.1315198	0.53742445	0.32759565	2.262533	0.20268701	1.000256	1.0263803	8.293755	-12.753452	-371.59964	102.66501	102.7376	0.0053706598	0.00032071696	-9.2836424e-05	-0.05977076	0.9423992	4.484238	4.472383	0.53720367	5.730246	0.94249207	480.64575	108.10367	-1.5480564	2.9372394	18.88038	-1.0002552	0.29561257	277.06168	1935.63174533844
8	1542.1453	633.41046	2528.2217	73.83012	1629660.9	793115.4	2625150.5	0.0	8.985656	1.9738228	15.174753	3.1784232	4.315102	1.7516959	6.1568108	0.0	288.0	288.0	0.0	0.0	17570.395	0.06507553530092593	240001.0	467.31674	199.21397	921.5597	-27.624615	467.31754	199.2121	920.67456	-30.611746	4.378715	0.25418732	6.1007323	3.0710566	0.4396213	0.20019636	1.577087	0.18896599	1.0000875	1.0314188	6.69472	-12.510653	-359.95654	103.6863	103.76521	0.0044554076	0.00021077323	6.143752e-05	-0.059518848	0.9425911	4.333078	4.319501	0.43941808	5.4740243	0.9425296	466.70532	105.80625	0.43446735	2.9608557	19.327703	-1.0000873	0.33335567	279.14145	2214.9652812480927
9	1565.2208	642.2697	2542.8513	92.95088	1869902.0	506257.4	2566298.2	1147897.5	9.038263	2.0140963	14.512429	3.2616014	4.7272553	1.5816145	6.9217124	1.7770144	288.0	288.0	0.0	0.0	18511.637	0.061705455729166664	270001.0	465.2277	199.28482	964.31476	-27.463203	465.22867	199.28178	935.7259	-27.498663	4.4315176	0.25689942	6.19302	3.213096	0.4241763	0.19922628	1.4085464	0.18066746	1.0000268	1.0301429	6.078977	-13.687033	-364.3274	105.06043	105.107315	0.0044891993	0.0002116947	8.8422086e-05	-0.07893635	0.92442787	4.3926244	4.3798194	0.42405877	5.5120177	0.9243395	464.7214	99.46965	-0.03911533	2.8927078	18.04565	-1.0000268	0.32989216	278.5195	2493.3420853614807
10	1697.1074	603.6546	2569.2744	36.951733	1701553.6	979687.5	2692252.5	48555.383	9.415412	1.9339474	13.701654	2.1472802	7.552901	3.4194536	11.426615	0.91358775	288.0	288.0	0.0	0.0	19493.643	0.05907164417613636	300001.0	467.5694	198.27223	903.92896	-29.086828	467.57047	198.27011	920.78217	-28.669607	4.4198313	0.24959773	6.1310277	3.3121853	0.41599602	0.19904055	1.3404517	0.17181695	0.99993813	1.0239172	9.526281	-11.823574	-367.92307	104.23073	104.25015	0.0043362435	0.00020053162	0.00016713234	-0.07750932	0.9257173	4.3852797	4.3724017	0.41590932	5.492908	0.9255501	467.11865	98.27004	0.11400074	2.8840568	17.890398	-0.9999383	0.2871213	281.4961	2774.7906827926636
11	1591.8182	593.7914	2619.6504	128.30055	1375238.8	724016.06	2404262.5	18600.0	9.311373	1.8349679	13.637189	2.7043402	6.632955	4.0009356	12.510367	0.0	288.0	288.0	0.0	0.0	20464.006	0.05684446072048611	330001.0	470.1818	197.39229	925.4162	-27.568014	470.18314	197.38998	927.739	-24.078527	4.4474044	0.24237083	6.1135497	3.3085103	0.4067429	0.18975188	1.282263	0.17064679	1.0001646	1.0267831	9.848038	-14.345169	-369.8673	104.14079	104.13388	0.0042341664	0.00018463157	-4.5479537e-05	-0.08487528	0.9189228	4.4161263	4.403651	0.40666333	5.512295	0.9189682	469.75412	98.9679	-0.05986106	2.8877053	17.954353	-1.0001638	0.29764032	282.37582	3057.173779964447
12	1569.6339	628.7966	2580.967	54.47173	1783373.4	561863.8	2702139.0	1189366.8	9.460175	1.7773799	13.11527	2.7994237	8.145385	3.061651	11.834821	3.2124493	288.0	288.0	0.0	0.0	21449.33	0.05499828225160256	360001.0	470.3221	196.82596	909.5184	-20.378712	470.32288	196.82487	897.5269	-21.12753	4.463094	0.23500142	5.9429884	3.3801007	0.39635304	0.16220988	1.146773	0.17123985	1.0000412	1.0292045	9.192219	-11.1622925	-373.56985	105.02404	105.004234	0.004114828	0.00015937004	7.0746864e-05	-0.10526803	0.90047115	4.4353113	4.4230795	0.39628303	5.521958	0.90040046	469.91077	95.4405	0.07350316	2.849624	17.28474	-1.0000411	0.3327496	272.62918	3329.9019169807434
13	1567.4128	638.8276	2634.286	78.75941	1362544.2	610196.3	2256960.0	4200.0	9.455634	1.7797124	13.959711	4.4996405	5.8415155	2.198687	9.111667	0.0	288.0	288.0	0.0	0.0	22434.826	0.05341625279017857	390001.0	464.61746	190.92194	861.31384	-18.995636	464.6182	190.92114	857.5577	-18.84956	4.490889	0.23688528	5.9409614	3.3612738	0.39563215	0.14890172	1.0497589	0.18661977	1.0000714	1.0304258	7.366707	-12.011996	-364.3726	94.047424	94.03067	0.004086543	0.0001516883	3.6786365e-05	-0.096432045	0.9085209	4.465356	4.4534674	0.39558005	5.5535955	0.9084841	464.1717	98.890625	-0.011926879	2.8795564	17.806648	-1.0000712	0.30242538	279.9512	3609.810395002365
14	1776.0546	553.4834	2575.34	28.624014	1650072.5	463958.66	2290374.8	951995.94	9.194127	2.0286922	13.308213	1.0832875	7.7216597	2.1944292	11.538343	3.7638195	288.0	288.0	0.0	0.0	23391.424	0.05198094184027778	420001.0	468.25696	193.03522	876.8161	-19.501026	468.25546	193.03949	878.4862	-18.456032	4.475219	0.24470246	5.9560566	3.396362	0.40109214	0.16234352	1.129519	0.20195378	0.999944	1.0252955	10.817902	-13.818365	-366.94806	96.88158	96.83425	0.004162128	0.0001662679	0.0001653093	-0.10529691	0.9005479	4.4511313	4.439056	0.4010547	5.545121	0.9003827	467.84732	99.998886	-0.052482367	2.8922133	18.033709	-0.9999435	0.30055952	280.6886	3890.44198679924
15	1723.405	583.5805	2528.7498	51.538002	1989877.0	491153.94	2724484.5	974550.8	9.045812	2.1059473	15.063924	1.8781264	7.2556047	1.7501627	9.56052	4.61892	288.0	288.0	0.0	0.0	24333.342	0.05069446207682292	450001.0	470.72275	193.9959	861.4352	-17.26062	470.72095	194.0007	857.8859	-17.042925	4.4658093	0.24205583	5.965004	3.3750563	0.39858612	0.1614686	1.1551204	0.21132188	1.0000314	1.0214853	6.6699123	-12.473286	-369.85696	97.94762	97.84754	0.004060792	0.00016288875	8.7163055e-05	-0.11747911	0.8895219	4.443398	4.4312234	0.398557	5.534096	0.88943475	470.27875	99.53236	0.055233553	2.889413	17.985191	-1.0000314	0.31707406	274.8316	4165.44962310791
16	1502.7938	637.47644	2581.4595	69.61784	1683483.6	587179.06	2604083.0	901068.0	9.864629	1.9507306	14.283185	3.2406085	7.7049003	2.2658134	10.801854	4.781168	288.0	288.0	0.0	0.0	25362.273	0.04972994791666667	480001.0	471.89148	194.03221	863.8883	-15.477104	471.89044	194.0354	872.78107	-15.214271	4.489488	0.23142092	5.973189	3.4813836	0.39082488	0.15272783	1.057211	0.20782612	1.0001947	1.0217929	11.00925	-12.841406	-372.67386	98.8235	98.71846	0.00397719	0.00015174308	-6.3656524e-05	-0.123599775	0.8840405	4.469417	4.457584	0.3908063	5.5502977	0.8841042	471.4643	97.90628	-0.028292004	2.870142	17.639809	-1.0001947	0.3101325	275.2081	4440.5812520980835
17	1585.7806	638.343	2573.2986	49.168785	1586954.9	713262.44	2374191.0	16110.0	9.496418	1.8981525	14.338892	1.826889	5.947032	2.4182372	8.734735	0.0	288.0	288.0	0.0	0.0	26349.713	0.04879576461226852	510001.0	471.68314	193.62755	878.6767	-16.654875	471.68237	193.63062	862.2321	-16.975706	4.475139	0.22826028	5.9501534	3.3073997	0.38506883	0.15527369	1.0456856	0.18331705	0.9999464	1.0297127	9.860814	-13.068139	-372.00906	99.54793	99.45385	0.0039058642	0.00015679536	0.00016972478	-0.1135572	0.8931022	4.4555736	4.4435863	0.38505417	5.527012	0.8929325	471.23294	98.33091	0.14764294	2.8782096	17.789898	-0.9999462	0.30022836	278.5084	4719.001610994339
18	1524.1157	651.55896	2519.5986	33.908577	2032311.6	304031.75	2426066.5	1346581.4	9.187035	1.9491475	13.205824	1.7451915	6.949694	2.1769109	11.044996	3.082133	288.0	288.0	0.0	0.0	27307.777	0.04790838130482456	540001.0	470.76913	194.71486	863.6093	-12.818714	470.76852	194.71756	870.9883	-13.064201	4.4886274	0.23632805	6.0305195	3.4678216	0.38521338	0.172188	1.1168354	0.17415641	1.0003414	1.0254638	5.9270496	-12.074213	-372.3386	99.79975	99.70158	0.0039882776	0.00017195218	-0.00019428635	-0.11027316	0.89606833	4.4706726	4.4588532	0.38519508	5.53868	0.8962627	470.339	97.10415	-0.1333108	2.863708	17.532267	-1.0003415	0.29063702	275.97772	4994.944677591324
19	1747.4592	507.40714	2626.729	91.62369	1870206.6	472364.6	2589445.0	1212724.8	9.425679	1.6125951	13.230666	4.884734	6.134427	0.8181898	7.281513	4.8495984	288.0	288.0	0.0	0.0	28288.424	0.047147373046875	570001.0	470.77182	194.30312	876.7884	-14.631396	470.7712	194.3057	877.6376	-14.854018	4.460556	0.23190442	5.976857	3.4130943	0.38288695	0.17083591	1.0992055	0.1719531	0.99991405	1.035699	4.2226243	-11.648472	-373.74326	100.334175	100.2369	0.003959864	0.00017282371	0.00019096461	-0.12435018	0.88340104	4.442874	4.43073	0.3828788	5.507705	0.88321	470.3021	95.67557	0.07597447	2.8547485	17.371315	-0.99991435	0.3580413	274.46188	5269.641001939774
20	1567.4163	642.89276	2520.9507	38.410843	1501647.1	813144.1	2399908.8	0.0	9.232458	2.0649374	14.472477	3.396826	4.3482914	1.7678039	6.4201818	0.0	288.0	288.0	0.0	0.0	29251.068	0.046430267237103175	600001.0	470.97226	193.15594	862.48444	-15.704304	470.9719	193.15631	859.4034	-15.478673	4.4647574	0.23443438	6.1496735	3.5140374	0.38999557	0.18104245	1.2045364	0.17113222	1.0003089	1.0358287	12.035956	-10.636759	-374.02756	99.79666	99.66691	0.0040569818	0.00018242546	-0.00016488819	-0.10807978	0.8980003	4.448458	4.4363947	0.38998866	5.5215707	0.89816517	470.51474	95.58903	-0.056932475	2.8513412	17.311825	-1.000308	0.3384199	278.9408	5548.375504255295
21	1676.9612	598.21844	2589.7441	50.737255	1931482.6	801223.6	2725632.5	61573.797	9.342956	2.103056	14.754612	3.6945314	9.803094	3.876401	13.232621	0.16625723	288.0	288.0	0.0	0.0	30226.857	0.045798268821022725	630001.0	469.31805	192.53053	862.9299	-15.294599	469.3186	192.52847	874.9302	-15.5779085	4.4406834	0.24894562	6.190383	3.500568	0.40038756	0.2055878	1.2940667	0.16566867	0.99990046	1.0416801	13.79124	-12.075411	-372.43292	98.84178	98.71765	0.0041349605	0.00020703275	0.00021449571	-0.11224842	0.8941941	4.424642	4.4122515	0.40037495	5.507568	0.89397955	468.8722	95.54526	0.09435134	2.853271	17.348272	-0.99989974	0.30649638	273.60544	5821.947429180145
22	1650.162	575.47614	2560.5732	53.654076	1432925.0	1020554.2	2698605.0	0.0	9.939728	2.3189855	17.421772	4.3350387	5.609073	4.0111	10.600944	0.0	288.0	288.0	0.0	0.0	31260.31	0.04530479789402174	660001.0	470.79022	192.95064	862.87445	-10.997433	470.7909	192.94896	861.7461	-14.015929	4.472713	0.24016456	6.1667027	3.4758992	0.3882808	0.18951261	1.236563	0.16533363	0.9999482	1.0262641	8.087536	-11.700491	-373.18295	99.98545	99.8901	0.003967054	0.00018823179	0.00017339698	-0.10122361	0.90434545	4.458199	4.446223	0.38826382	5.5271893	0.90417206	470.38696	96.299835	-0.0013430835	2.8576465	17.423012	-0.9999476	0.28099823	274.96146	6096.958965539932
23	1576.6719	545.29315	2601.8691	76.207886	1733882.4	767135.8	2665145.2	86081.16	9.772812	2.358052	17.891289	3.9786828	10.808286	3.1425674	15.604536	2.8904636	288.0	288.0	0.0	0.0	32277.633	0.044830045572916664	690001.0	468.9833	192.65161	865.30414	-11.196709	468.9835	192.6503	861.39404	-11.660457	4.456885	0.24384245	6.2177577	3.4627469	0.38517678	0.18996632	1.2611538	0.16296077	0.9998628	1.0356762	5.09366	-13.255902	-371.8107	101.77417	101.68864	0.004001644	0.0001963891	0.00025131827	-0.11085597	0.89547014	4.4420576	4.4298806	0.38516986	5.506283	0.8952188	468.573	95.86708	0.1379538	2.8567626	17.409674	-0.9998629	0.31187558	277.62463	6374.620717525482
24	1682.415	564.9812	2622.2615	45.276226	1563388.2	802275.2	2354842.8	7200.0	9.788875	2.141616	16.863438	1.8988627	5.431834	2.9344232	9.353735	0.0	288.0	288.0	0.0	0.0	33297.83	0.044397104166666666	720001.0	469.9383	191.8749	868.2919	-9.205278	469.93918	191.87367	864.009	-10.362357	4.4719	0.2480307	6.173703	3.493622	0.39666337	0.20200764	1.2773079	0.1613072	1.0001643	1.0299687	4.483527	-13.219719	-373.75574	102.33348	102.28239	0.004112107	0.00020755424	-1.5451176e-05	-0.11607245	0.8909788	4.458723	4.4467525	0.3966597	5.5368476	0.8909943	469.55682	94.910164	-0.12937169	2.8412035	17.14106	-1.0001634	0.30314636	270.30444	6644.879498720169
25	1548.9221	692.08575	2600.2095	27.91138	1698054.2	696643.75	2668735.5	59717.457	8.871148	2.2620463	14.343643	0.69531894	4.7284584	1.6277082	7.3119645	1.3466609	288.0	288.0	0.0	0.0	34221.285	0.04387344250801282	750001.0	469.20908	191.63005	855.6507	-10.326331	469.20938	191.62828	864.762	-9.791566	4.4525695	0.2452952	6.4088883	3.492529	0.3892581	0.19199337	1.2649577	0.16236481	1.0001256	1.0418271	4.528503	-11.564633	-373.91983	101.30898	101.26708	0.004069115	0.00020350482	-6.08174e-07	-0.13085625	0.87788177	4.4390235	4.426805	0.3892553	5.508636	0.8778825	468.82718	94.02944	0.061765157	2.8370457	17.069134	-1.0001261	0.290138	274.87775	6919.731242656708
26	1546.9907	651.4186	2584.2903	48.440777	1545616.2	711325.56	2684440.8	0.0	9.367992	2.1522796	14.255021	2.1561933	5.270295	2.215218	8.493114	0.0	288.0	288.0	0.0	0.0	35197.836	0.043454118441358026	780001.0	469.61536	192.30556	865.2065	-12.270757	469.61603	192.30342	867.555	-11.258661	4.454081	0.24600895	6.2088537	3.443165	0.39422128	0.2010299	1.276819	0.16088727	1.0000724	1.0347432	10.080647	-11.530298	-373.8754	101.278564	101.2548	0.004077187	0.00020986101	5.8920217e-05	-0.12797767	0.8804121	4.441352	4.429169	0.39421692	5.51614	0.88035315	469.25552	94.49981	0.026740901	2.840832	17.131409	-1.0000722	0.28235555	273.99878	7193.712222099304
27	1661.9591	637.6602	2561.8286	63.53738	1360482.6	807554.6	2689130.8	22110.0	9.337818	2.1958194	13.405457	2.1449401	5.3357596	2.0387871	7.505612	0.0	288.0	288.0	0.0	0.0	36170.824	0.04306050502232143	810001.0	469.1538	191.12526	862.9694	-10.664767	469.155	191.12302	857.2164	-12.465649	4.4571643	0.23791502	6.216712	3.5158226	0.39480445	0.19788483	1.2438216	0.16359073	1.000044	1.0334945	8.237666	-13.706556	-374.11978	99.783424	99.7722	0.0040752674	0.00020703531	0.00010044549	-0.12681293	0.8812947	4.44489	4.4327755	0.39480317	5.521192	0.88119435	468.81503	93.81405	-0.04449199	2.8326483	16.99178	-1.0000443	0.3544302	276.08514	7469.886273145676
28	1554.2904	591.65375	2506.513	44.193558	1448364.2	848485.9	2738000.8	0.0	9.508216	2.2249658	15.824562	3.1825418	4.4489517	2.1913867	7.7580814	0.0	288.0	288.0	0.0	0.0	37159.7	0.04271229795258621	840001.0	471.69897	191.45555	857.98395	-7.6314015	471.6998	191.45445	859.19904	-9.100312	4.4633985	0.2358597	6.106316	3.4437592	0.38800907	0.1863796	1.2218989	0.16100708	0.99998885	1.0316249	4.996757	-12.122414	-378.7285	99.680435	99.68418	0.0040255487	0.00019349779	0.0001274552	-0.13077874	0.8778454	4.4521136	4.4400887	0.3880031	5.5208836	0.877718	471.39786	91.79164	0.034252293	2.8109422	16.62649	-0.9999889	0.33911443	270.05554	7739.873726606369
29	1647.0577	613.3297	2611.4592	52.936195	1666695.8	727151.7	2564812.2	40014.746	9.324837	2.097304	14.775798	2.298722	7.3941813	2.5371795	10.254638	0.9813796	288.0	288.0	0.0	0.0	38132.32	0.04236924479166667	870001.0	472.19803	190.85532	862.24554	-8.099365	472.19812	190.8546	860.4364	-9.222096	4.463924	0.24149781	6.170298	3.5634985	0.38986212	0.19509931	1.2510734	0.15869817	0.9999238	1.0239298	4.6995378	-12.481981	-377.664	98.89586	98.90952	0.004009505	0.0002018932	0.00018743624	-0.12432031	0.88362455	4.45263	4.440597	0.38985842	5.5224013	0.8834371	471.89584	93.34842	0.018045198	2.8273985	16.903572	-0.99992394	0.29790783	275.36783	8015.238309144974
30	1648.6792	624.5119	2570.765	35.770863	2193982.5	222080.61	2664509.2	1803607.0	9.473921	1.915767	13.380791	2.3276927	6.074889	1.3093743	7.9483867	3.6231737	288.0	288.0	0.0	0.0	39119.23	0.04206368867607527	900001.0	473.5174	191.31221	861.90796	-7.2991676	473.5175	191.3114	859.9717	-7.525008	4.470136	0.23814702	6.1707854	3.5556085	0.38230696	0.1870276	1.1983466	0.15980873	0.9999852	1.0307494	6.1652246	-12.048654	-380.2956	98.57679	98.5966	0.00398678	0.0001955101	0.00012638482	-0.12721036	0.88107926	4.459457	4.447505	0.38230354	5.5198636	0.8809528	473.2264	92.04986	0.06205393	2.8136754	16.675438	-0.9999854	0.29986453	274.3828	8289.610225200653
31	1575.3448	641.157	2626.9966	37.605247	1695307.4	678470.56	2688231.2	494078.38	9.234773	2.2087135	14.110431	2.8977053	6.03118	1.6378205	9.298997	3.700626	288.0	288.0	0.0	0.0	40081.516	0.041751578776041666	930001.0	472.88953	190.17383	858.6985	-8.298556	472.8899	190.17265	858.2263	-7.434456	4.472584	0.23093155	6.210504	3.4964483	0.38326457	0.1847521	1.19702	0.15978572	1.0003794	1.0239022	9.326266	-12.195076	-379.4417	98.24714	98.25172	0.0039216666	0.00018743282	-0.00021481358	-0.1334301	0.8755995	4.4623265	4.4504304	0.38326588	5.5245457	0.8758143	472.59198	92.27445	-0.046697393	2.815508	16.702808	-1.0003793	0.33237076	270.34903	8560.065875530243
32	1631.4636	689.1427	2589.7122	52.942795	1669855.2	588921.44	2555073.2	574527.25	9.233341	2.1438634	14.448945	3.274412	8.197241	2.6328664	13.967429	3.6343029	288.0	288.0	0.0	0.0	41044.31	0.041458897569444444	960001.0	469.803	189.24431	850.6158	-12.289432	469.80396	189.24332	846.21454	-9.282664	4.4729958	0.233507	6.024239	3.539175	0.3815012	0.18156238	1.156373	0.15845165	0.99992174	1.0175984	5.6941185	-12.509123	-375.39514	95.54475	95.55458	0.0039254874	0.00018615484	0.00018040666	-0.12001335	0.8873851	4.463141	4.4512453	0.38149613	5.5235157	0.8872047	469.50262	93.2203	-0.008858409	2.8258781	16.876959	-0.9999214	0.28155184	274.25638	8834.233928203583
33	1648.6667	608.41486	2565.2449	63.432796	1650328.4	736805.75	2412472.8	34030.926	9.717941	1.9965694	14.390703	4.6863155	6.7030325	2.516394	10.451337	0.008655003	288.0	288.0	0.0	0.0	42054.164	0.04122957261029412	990001.0	469.0737	189.2327	845.82623	-9.433359	469.0742	189.23123	843.9119	-10.072256	4.470529	0.22989473	6.161024	3.430298	0.3792861	0.17784092	1.1358863	0.16009799	1.000056	1.0333757	8.232114	-12.737258	-375.8322	95.255394	95.28046	0.0039165737	0.00018505819	6.38304e-05	-0.13111813	0.87759894	4.4604816	4.448564	0.37928596	5.5182314	0.8775352	468.76913	92.05937	0.054094054	2.814305	16.68249	-1.0000557	0.33710313	273.34033	9107.719159603119
34	1674.9124	614.17926	2605.2874	39.501072	1948828.2	512807.56	2744115.5	1312529.6	9.816262	2.0119016	14.41293	4.2566032	9.069559	1.4977279	10.826102	6.9411254	288.0	288.0	0.0	0.0	43081.13	0.04102964657738095	1020001.0	469.46054	187.80722	848.183	-8.237419	469.46094	187.80605	845.81573	-10.687387	4.468787	0.23003559	6.1023865	3.6451056	0.38885298	0.17741424	1.1306629	0.16145521	0.9998937	1.0382893	4.0973663	-13.91243	-379.0152	93.81774	93.84031	0.0040148	0.00018547919	0.00021084261	-0.1394943	0.87026	4.4610205	4.4491034	0.38885465	5.532787	0.87004924	469.17114	89.28585	-0.070660256	2.7807782	16.136648	-0.99989414	0.30604672	274.2668	9381.822585582733
35	1630.8651	656.8433	2548.124	38.805668	1482822.5	939363.9	2569838.0	0.0	9.118089	2.0598702	13.784423	2.4385445	6.2688003	3.431169	9.583493	0.0	288.0	288.0	0.0	0.0	44028.33	0.04076697048611111	1050001.0	470.2251	188.20406	843.59973	-7.0864606	470.2253	188.20349	846.14026	-7.1410694	4.4668546	0.21917674	5.9451914	3.5163443	0.37747258	0.16441934	1.0497215	0.1618898	1.0002707	1.0218868	5.943492	-10.994354	-375.18643	93.924866	93.946434	0.0038757066	0.00017404792	-0.00010833281	-0.14645265	0.8642053	4.462773	4.450893	0.37747318	5.5206566	0.8643136	469.9481	93.89736	-0.018014107	2.8336885	17.008352	-1.0002713	0.33792758	271.25336	9653.0861389637
36	1676.833	611.7461	2601.7756	52.828136	1687632.8	454550.0	2398707.2	1017340.9	9.626743	2.1232686	15.882265	4.0796595	4.734604	1.0901505	6.231883	2.3742263	288.0	288.0	0.0	0.0	45030.688	0.04056818693693694	1080001.0	469.51694	189.52457	850.73346	-9.096441	469.51642	189.52415	848.35004	-10.576035	4.4759197	0.21788673	5.9632487	3.4329524	0.37168032	0.1540297	0.9959575	0.16044009	0.9994993	1.0193022	5.4372816	-14.482536	-374.29175	94.85826	94.8874	0.00377558	0.00016414029	0.00052610505	-0.15647808	0.85570353	4.4739785	4.46222	0.3716801	5.5252776	0.8551774	469.26443	94.11752	0.0050510713	2.835139	17.03403	-0.99949986	0.29657555	273.04712	9926.114669322968
37	1569.0265	656.13916	2557.5562	41.172394	1815775.6	532567.0	2380814.5	707921.44	9.2239685	2.4329355	15.067453	1.9121505	7.784607	2.0116942	13.097698	5.548899	288.0	288.0	0.0	0.0	45991.152	0.040343116091008775	1110001.0	469.7733	191.29509	864.65186	-10.561088	469.77414	191.29451	862.93945	-11.947376	4.4683027	0.23351721	6.1537366	3.505443	0.3710344	0.16410287	1.1300501	0.15923135	1.0004903	1.0209101	3.8444576	-11.754017	-375.79248	96.2214	96.270355	0.0038864743	0.0001827651	-0.00025946888	-0.17096607	0.8434905	4.4673347	4.4554563	0.3710337	5.515937	0.84375	469.52774	92.89153	-0.018555759	2.8236268	16.840364	-1.0004901	0.30619574	274.6022	10200.731014966965
38	1490.7539	628.07574	2546.133	38.676487	1816512.2	669632.25	2448670.8	204940.23	9.055186	2.2063057	16.879847	2.8984396	7.7059507	2.6649282	11.907335	1.8625288	288.0	288.0	0.0	0.0	46934.156	0.04011466346153846	1140001.0	466.94067	190.2056	851.9577	-7.2785378	466.94064	190.20517	850.0951	-6.722884	4.4404683	0.23585404	6.1456547	3.5699987	0.38097432	0.17708437	1.1360171	0.16036528	1.0002981	1.0161014	8.563769	-13.4611	-372.33133	94.87314	94.92487	0.0039168964	0.00019410056	-0.000111268695	-0.15120144	0.86015874	4.4396653	4.427459	0.38097566	5.5003095	0.86026996	466.6906	93.49901	0.12767719	2.832722	16.998308	-1.0002991	0.30217314	271.62466	10472.327396154404
39	1677.5542	569.6541	2565.1816	38.39779	1565337.2	866508.9	2651392.0	1920.0	9.499409	2.0705216	16.459791	1.8631653	5.745038	2.7484536	8.879624	0.0	288.0	288.0	0.0	0.0	47925.645	0.039938037109375	1170001.0	466.7838	189.12073	844.2895	-8.058617	466.7839	189.12068	843.0038	-7.220779	4.4515653	0.22707887	6.1835513	3.5339756	0.3806222	0.1729334	1.1319164	0.16569306	0.999838	1.0166119	6.947791	-13.107914	-375.60294	94.62253	94.67019	0.0039193654	0.00019297677	0.00028615742	-0.14533956	0.86519116	4.4516935	4.4396577	0.38062093	5.512706	0.864905	466.5404	90.072525	-0.016308468	2.7935019	16.339012	-0.9998383	0.33021474	273.3136	10745.754152059555
40	1637.9421	597.94635	2610.604	56.278687	1587683.6	780823.0	2674363.5	0.0	9.210542	2.1896296	12.570395	2.4076645	5.3292055	2.092129	7.7528734	0.0	288.0	288.0	0.0	0.0	48884.027	0.03974311166158537	1200001.0	465.97626	187.2914	840.8295	-6.3949513	465.97656	187.29147	847.4694	-6.8852115	4.437875	0.2295276	6.131516	3.5063283	0.37714478	0.17512362	1.0853825	0.16411011	1.0002079	1.0230606	5.2006235	-10.893704	-373.66724	92.98456	93.029884	0.0038802822	0.00018966544	-4.5118133e-05	-0.14609839	0.86473614	4.437221	4.425019	0.37714124	5.4924436	0.86478126	465.72015	91.188156	0.1659038	2.8091376	16.601301	-1.0002078	0.35152793	272.6889	11018.517175674438
41	1640.9529	619.6964	2540.5889	38.148235	1940096.6	384692.22	2563315.2	1316917.8	9.451374	2.3718088	15.428702	1.5807753	9.881056	2.3226998	13.463972	6.4045577	288.0	288.0	0.0	0.0	49868.723	0.039578351314484124	1230001.0	468.545	187.03886	847.6183	-7.4143887	468.54523	187.0386	848.6326	-7.2975187	4.4509897	0.23242958	6.193726	3.4411993	0.38327572	0.17608187	1.1316137	0.16365409	0.99971604	1.029164	6.0447874	-13.868013	-381.3602	92.506516	92.55063	0.003991146	0.00019175957	0.0003914709	-0.17027174	0.8441368	4.451257	4.4392085	0.38326967	5.5152526	0.8437453	468.29877	86.09483	0.010655229	2.7478144	15.610149	-0.9997168	0.32331753	271.52655	11289.872647285461
42	1653.6296	555.97955	2547.1042	47.836273	2100598.0	280367.94	2596615.5	1435376.9	9.668007	2.171614	14.396034	2.6670334	9.61152	2.0953543	12.259181	5.6365247	288.0	288.0	0.0	0.0	50875.51	0.03943838117732558	1260001.0	469.81427	186.98071	843.1094	-6.384429	469.8131	186.98277	837.91705	-6.5376835	4.476632	0.21630065	6.040626	3.5346816	0.37920582	0.16345797	1.0657777	0.16796729	1.0000298	1.0220299	4.134569	-11.810968	-382.0276	92.42582	92.46028	0.0038921346	0.00017859892	0.00010366883	-0.17293213	0.84181094	4.47739	4.4656897	0.37920535	5.538001	0.8417073	469.57434	86.70501	-0.110478364	2.7505174	15.655846	-1.0000299	0.34394407	273.39542	11563.40827536583
43	1548.0463	697.9168	2576.4646	32.299763	1997268.4	513552.7	2707899.5	1320231.8	9.167239	2.1023772	15.308358	2.4584951	7.2853484	0.97311574	8.505015	5.0807476	288.0	288.0	0.0	0.0	51831.367	0.039266187263257576	1290001.0	469.6333	187.05455	842.19904	-6.768729	469.63263	187.05527	845.4925	-7.998461	4.4565907	0.20791556	6.1691303	3.4954937	0.37069497	0.15465192	1.0896719	0.16567397	1.0002993	1.0233852	3.8189898	-11.572383	-383.6302	92.0587	92.07255	0.00375219	0.00016791363	-0.00011017925	-0.17045212	0.8438032	4.457143	4.4452243	0.37069547	5.5069847	0.84391344	469.39996	84.92591	0.16935301	2.7351658	15.422465	-1.000299	0.29892874	269.65768	11832.956247091293
44	1630.093	594.96136	2535.7139	37.34707	1783342.8	819286.9	2793846.2	20250.0	9.391747	1.9724226	15.289254	3.2867475	8.888909	3.1242273	12.368678	0.0	288.0	288.0	0.0	0.0	52809.96	0.03911848958333333	1320001.0	469.9033	187.03828	844.945	-6.617351	469.90344	187.03915	844.1031	-6.4194202	4.480989	0.21138607	6.216998	3.4588838	0.36613578	0.15051232	1.0088258	0.16586445	1.0001812	1.0243819	2.8568597	-10.587852	-383.2139	91.77199	91.786385	0.0037626137	0.00016633655	-4.07811e-06	-0.18092063	0.83500016	4.4812903	4.469649	0.3661421	5.525076	0.83500415	469.67014	85.62127	0.06596389	2.7403207	15.496414	-1.0001811	0.32323027	275.3056	12108.248616933823
45	1627.6799	639.5096	2575.1047	67.94798	1947189.0	478277.44	2582803.5	1138314.4	10.300917	2.2476673	15.404353	4.501862	10.256741	1.3728185	12.188672	6.949595	288.0	288.0	0.0	0.0	53884.625	0.03904682971014493	1350001.0	471.6455	187.18463	840.925	-4.56392	471.6448	187.18602	841.4339	-5.651545	4.4880743	0.21092123	5.9670386	3.4860394	0.37068775	0.14558943	0.9695401	0.16806303	0.99975955	1.0174063	5.6691093	-11.492411	-385.10593	91.61329	91.62517	0.0038236396	0.00016505737	0.00034573695	-0.1802875	0.8357067	4.4891553	4.4775953	0.3706888	5.5407276	0.83536106	471.42477	85.48346	-0.0216008	2.7360258	15.428317	-0.99976	0.30407882	272.20435	12380.464248895645
46	1722.8811	587.029	2556.7747	46.82578	1961221.6	368263.72	2380194.8	1265058.0	10.077375	2.342262	15.349323	1.9763832	6.8341	1.3764395	9.298508	4.000713	288.0	288.0	0.0	0.0	54931.965	0.03895884031471631	1380001.0	473.4679	186.64917	845.0461	-5.494425	473.46683	186.65096	841.5204	-6.190619	4.49988	0.21313463	5.9947553	3.501095	0.37074766	0.15194511	0.95906496	0.16401598	1.0003679	1.0158917	10.833995	-13.798887	-385.97385	90.40474	90.417816	0.0037926272	0.00016476533	-0.00016484497	-0.17652467	0.8387183	4.5009303	4.489507	0.37075335	5.5512314	0.8388831	473.24786	86.43515	-0.04064869	2.7452588	15.570765	-1.000368	0.3095317	268.99854	12649.439446687698
47	1750.713	519.7589	2569.1523	36.012817	1594824.9	735855.6	2669912.0	0.0	10.011606	1.9011514	13.619421	0.7522674	7.378544	3.1515222	12.885298	0.0	288.0	288.0	0.0	0.0	55976.887	0.038872837999131944	1410001.0	475.6513	186.58551	848.9605	-6.144559	475.65158	186.58562	850.2528	-7.9586616	4.504595	0.19523555	5.872957	3.5087547	0.36023855	0.14309059	0.9419197	0.16467993	0.9997475	1.0224607	6.744873	-13.949755	-391.0244	91.18429	91.20607	0.0036513982	0.00015483577	0.00033519536	-0.19325975	0.82500815	4.505926	4.4945984	0.36024845	5.542209	0.82467294	475.4496	83.600494	0.083969764	2.713308	15.084223	-0.9997475	0.29732728	275.90222	12925.344849348068
48	1550.6438	590.66754	2609.976	58.466293	1706830.4	414341.25	2302078.0	921420.3	10.433595	2.322975	16.53163	2.113413	7.060566	1.8945329	10.805465	4.910013	288.0	288.0	0.0	0.0	57061.746	0.038817514349489796	1440001.0	478.18872	187.72304	843.5819	-5.073719	478.1888	187.72385	844.2684	-6.117792	4.56333	0.20913102	6.1752906	3.3731444	0.36043623	0.13832909	0.92723876	0.16518612	1.0005739	1.0217454	6.0839515	-13.605619	-397.4718	92.48618	92.521706	0.0037207794	0.00015556236	-0.00032627513	-0.18894269	0.8284583	4.5656853	4.5549703	0.36045766	5.603196	0.82878464	478.01086	79.71032	-0.067156404	2.6545684	14.22475	-1.000573	0.34235835	272.95322	13198.444205522537
49	1593.0527	681.69025	2535.8772	48.19187	1486161.5	788489.25	2375121.5	0.0	10.151191	2.1996162	15.574652	3.3831434	5.9552264	3.045663	10.980097	0.0	288.0	288.0	0.0	0.0	58119.734	0.038746489583333335	1470001.0	475.81824	187.6347	841.92224	-5.947323	475.81747	187.63638	843.1363	-6.985324	4.5227356	0.197957	6.0432014	3.481387	0.36298698	0.14647873	0.9437435	0.16618295	0.9996051	1.0315716	4.2385716	-12.477128	-392.49768	92.61298	92.66549	0.003735609	0.00015899022	0.00046313842	-0.1896494	0.8279977	4.52389	4.512759	0.362983	5.563487	0.8275345	475.62073	82.29555	0.10667508	2.6934457	14.791162	-0.9996057	0.33988953	272.60806	13471.140672445297
50	1685.4153	566.3872	2500.824	59.910805	1718291.8	614382.1	2259134.8	12030.0	10.126702	2.184509	16.383247	1.0916253	6.038478	2.2631862	8.321803	0.0	288.0	288.0	0.0	0.0	59170.625	0.03867361111111111	1500001.0	477.4243	187.59767	840.83057	-6.4518833	477.4239	187.59901	843.92523	-6.556946	4.531231	0.22576173	6.174898	3.4442995	0.3749779	0.16137603	0.98746425	0.16857095	1.0002906	1.0301551	3.8623068	-13.292728	-394.5274	91.65779	91.70459	0.003909432	0.00016841799	-0.000100566576	-0.1821826	0.8339757	4.532113	4.521026	0.37496954	5.5864997	0.83407617	477.22028	81.85882	-0.04165988	2.6844099	14.654085	-1.0002912	0.32739377	277.34558	13748.218132734299
51	1600.7112	615.0572	2543.7505	59.138844	1583280.2	571340.56	2563221.0	488523.3	9.831709	2.0103312	14.82163	2.365627	7.308655	2.154167	9.850557	4.2784147	288.0	288.0	0.0	0.0	60198.523	0.038588797075320515	1530001.0	476.67303	187.3905	853.63043	-6.7850304	476.673	187.39163	849.9479	-7.5838385	4.506253	0.2238016	6.33354	3.4447997	0.38226315	0.17730841	1.0696846	0.16662632	1.0003191	1.0264554	4.0768905	-12.957773	-391.87067	92.29941	92.3562	0.003953014	0.00018265643	-0.00013317072	-0.1703876	0.8439064	4.5073624	4.496006	0.38226613	5.5692344	0.84403956	476.46832	83.7536	-0.085799	2.7103949	15.039114	-1.0003191	0.32179594	272.23022	14020.564280033112
52	1603.8071	632.59393	2595.8499	38.239445	1848295.0	675937.06	2717080.8	190040.16	10.129653	2.4316995	17.007586	1.9972905	6.7934823	1.9033648	8.279168	1.3947533	288.0	288.0	0.0	0.0	61254.09	0.03852458480738994	1560001.0	477.2113	186.88245	838.9032	-9.592102	477.21027	186.88437	839.2311	-11.955677	4.5518427	0.21111123	6.1135383	3.485755	0.3732428	0.1536004	1.0006144	0.16817562	0.9997807	1.014386	4.5351024	-11.747442	-394.51852	91.33177	91.38736	0.0037988434	0.00015847845	0.00031817472	-0.17137611	0.84313864	4.554377	4.5435486	0.37326786	5.6078587	0.84282047	477.02878	81.66737	0.01697135	2.678316	14.563631	-0.99978036	0.33827043	273.4094	14294.055277347565
53	1679.7753	612.3333	2535.9595	40.056145	1689571.2	582740.7	2673558.5	657247.25	9.921327	2.2792404	18.495922	3.8248496	6.6991053	1.8507358	9.787726	3.8421147	288.0	288.0	0.0	0.0	62284.64	0.03844730902777778	1590001.0	476.19034	187.36298	841.0866	-8.516291	476.18994	187.3644	839.78577	-11.284414	4.545756	0.23664275	6.1020246	3.4506795	0.37213486	0.15432511	0.9945715	0.17262088	1.0001444	1.0209435	11.307032	-11.810204	-388.58334	90.8911	90.94916	0.0038112523	0.00016484848	5.583e-06	-0.17267159	0.8420799	4.546224	4.535248	0.37214157	5.5981913	0.84207433	475.9736	86.54823	0.0102149965	2.7381144	15.460519	-1.0001438	0.30257058	276.24686	14570.13472867012
54	1604.6512	624.51917	2592.676	46.899673	1913230.0	463401.9	2697540.2	1184488.2	9.680237	2.0916297	14.550642	3.6833553	5.47108	1.6712222	7.756876	2.524265	288.0	288.0	0.0	0.0	63294.848	0.03836051373106061	1620001.0	475.68692	187.1018	852.9819	-8.533601	475.6864	187.10309	850.1113	-9.4106	4.511047	0.22206074	6.114229	3.5576994	0.37835723	0.16615485	1.0400245	0.16965988	1.0000648	1.0362854	9.109614	-12.491706	-393.66885	91.52963	91.58595	0.003911206	0.00017810211	7.3210846e-05	-0.18928838	0.8281639	4.511704	4.500393	0.37836272	5.5702395	0.8280906	475.47372	80.97676	0.018063175	2.67661	14.537996	-1.0000652	0.28093672	272.88055	14843.031354904175
55	1747.6838	571.566	2589.0256	70.50573	1640936.4	753130.8	2651762.8	253794.02	10.266236	2.0712276	15.266929	4.869306	6.112799	1.3990442	7.399214	3.5423822	288.0	288.0	0.0	0.0	64363.87	0.038311828031994045	1650001.0	477.38303	187.69537	842.3684	-7.200671	477.3824	187.69637	846.53094	-9.0205555	4.5269446	0.2293234	6.2409277	3.5609074	0.3809437	0.16820487	1.0648718	0.17081408	1.0004195	1.0248054	4.2169275	-11.452699	-394.1007	91.71137	91.766594	0.0039447458	0.00017764526	-0.00021970458	-0.1927643	0.8252905	4.52832	4.517181	0.38095722	5.590342	0.82551014	477.18185	82.25562	-0.07042898	2.688414	14.713437	-1.0004193	0.33050656	272.94882	15116.140716552734
56	1769.8209	528.5326	2563.147	34.334057	2015791.8	499254.62	2703062.8	1343614.1	10.052586	2.0738602	14.85368	3.9229455	8.221755	1.6358535	11.550848	5.0293355	288.0	288.0	0.0	0.0	65410.562	0.03825179093567251	1680001.0	478.7072	187.99918	850.4088	-6.62992	478.70602	188.00087	843.58936	-8.894341	4.5186343	0.20862831	6.182614	3.4789317	0.37004507	0.14702734	1.000952	0.175156	0.9998382	1.0331882	4.314275	-10.19438	-395.68646	91.41273	91.463936	0.0037920657	0.0001624846	0.0002562807	-0.20172565	0.81799686	4.519565	4.5083585	0.3700467	5.569869	0.81774056	478.49652	81.99235	0.13213947	2.6888945	14.720894	-0.99983764	0.30902767	273.38297	15389.372745752335
57	1630.8954	597.33374	2560.7168	48.846138	1398138.5	659498.9	2445453.2	132591.95	9.960583	2.0924594	15.611597	2.8809884	8.961997	2.7650595	12.909895	2.1521497	288.0	288.0	0.0	0.0	66449.88	0.03818958782327586	1710001.0	479.3329	187.48375	849.8865	-6.946253	479.33203	187.48488	848.92725	-8.704746	4.519759	0.21379255	6.0947714	3.4625654	0.375843	0.15394765	0.9761313	0.1743917	0.9999722	1.0309978	5.6123114	-13.767507	-395.93744	91.29787	91.34471	0.003863076	0.00016795559	0.00013835268	-0.1804154	0.83541906	4.5203443	4.509148	0.37585363	5.5778904	0.8352807	479.1137	82.34095	0.035618555	2.6919632	14.761882	-0.9999722	0.3003254	274.7722	15664.109950780869
58	1664.6151	633.0362	2618.8745	53.05126	1879668.2	403700.62	2493022.2	1252523.2	9.941891	2.2046208	17.553768	3.3870277	6.657244	1.4046181	9.307626	4.233567	288.0	288.0	0.0	0.0	67482.06	0.038125459039548025	1740001.0	479.07983	187.78273	848.8998	-8.027443	479.0794	187.78432	842.61755	-8.702515	4.545343	0.22338791	6.293282	3.5161414	0.37811884	0.16004363	1.0081483	0.17405178	1.0001267	1.0208474	4.56722	-13.822168	-396.43488	91.20849	91.26464	0.0038713415	0.00016812915	2.8694789e-05	-0.19196458	0.8260891	4.547063	4.5361347	0.37813956	5.606812	0.8260604	478.87384	81.61292	-0.1034401	2.6777616	14.5549965	-1.0001272	0.3246677	270.32712	15934.516456842422
59	1645.8804	616.9224	2615.7373	64.4657	2194986.8	563727.5	2736665.5	1062338.2	9.5407915	1.7362137	13.476859	5.3515697	9.677531	0.9658348	11.68392	8.183086	288.0	288.0	0.0	0.0	68481.01	0.03804500434027778	1770001.0	478.62222	186.83885	849.96655	-8.998646	478.62186	186.83997	841.6914	-12.402395	4.4959264	0.23823732	6.7305923	3.4984787	0.37830892	0.16953968	1.1095455	0.17135333	1.000016	1.0389955	5.0664806	-12.371694	-391.99207	90.58153	90.634636	0.0039628274	0.00018864895	0.0001247608	-0.18790737	0.82966787	4.4949417	4.4833946	0.37831095	5.5531206	0.82954305	478.37552	85.553894	0.07787529	2.7345788	15.40538	-1.0000156	0.33638334	272.9309	16207.475563287735
60	1652.661	593.88245	2568.303	52.697094	1521746.8	708375.0	2412814.5	511635.72	10.026122	2.3314304	14.542085	3.412809	6.0870767	1.4588277	8.288247	3.2053745	288.0	288.0	0.0	0.0	69522.87	0.03799063780737705	1800001.0	478.945	187.02696	843.75085	-8.69814	478.94446	187.0287	845.731	-10.408537	4.5293927	0.23958224	6.3592505	3.4710298	0.3880826	0.17515238	1.1394912	0.17512622	1.0001402	1.0141402	7.334838	-12.83169	-394.86914	91.18541	91.263115	0.0039534825	0.00018255369	8.97692e-06	-0.1701664	0.84443086	4.5307155	4.519567	0.38810268	5.602249	0.84442186	478.73093	83.01738	-0.12359106	2.6954696	14.817057	-1.0001407	0.28215003	275.7871	16483.199764966965
61	1657.2441	576.4215	2545.8447	46.70744	1710305.6	676223.25	2358081.2	0.0	9.805143	2.078659	20.551908	4.3147836	5.647269	2.6721883	11.152824	0.0	288.0	288.0	0.0	0.0	70543.23	0.03792646589381721	1830001.0	477.5207	186.51556	842.8138	-10.092197	477.52014	186.51663	840.78204	-13.869571	4.5226827	0.23206177	6.330724	3.3678298	0.3723908	0.16605549	1.0766143	0.17067991	1.0001209	1.0154982	3.9604406	-13.901387	-386.91327	90.48875	90.55791	0.003772426	0.00017325758	2.2390437e-05	-0.1462088	0.8646349	4.52223	4.5110064	0.37240845	5.5724735	0.8646125	477.2856	89.5077	0.0018896204	2.776318	16.062502	-1.0001215	0.33515644	273.2279	16756.393101215363
62	1621.2782	670.7626	2513.7578	38.283707	1360785.2	724124.06	2066598.2	0.0	9.688114	2.3406594	14.4416065	3.2832851	6.2905912	2.9842577	11.292309	0.0	288.0	288.0	0.0	0.0	71550.836	0.0378575851521164	1860001.0	478.12402	187.07951	847.24274	-9.193722	478.12387	187.0806	847.86383	-10.41821	4.502942	0.22748059	6.449305	3.5019825	0.36862436	0.15418863	1.0302441	0.16949959	0.99996424	1.0352242	4.3664327	-11.684019	-393.3175	90.71727	90.783875	0.0038573695	0.00017542767	0.00016974511	-0.18144305	0.83473194	4.5032973	4.4918623	0.36863324	5.550161	0.8345622	477.90347	83.75138	0.17974322	2.7139935	15.091749	-0.9999643	0.33281207	274.06842	17030.461470603943
63	1564.0558	609.38806	2517.123	45.19875	1949181.6	532622.56	2710582.0	1303913.9	9.714148	1.9689935	13.704565	4.075787	6.765364	1.3795065	8.358306	4.181296	288.0	288.0	0.0	0.0	72565.414	0.03779448649088542	1890001.0	478.8106	186.9267	857.35956	-8.937686	478.81024	186.92744	843.9109	-11.733601	4.5196314	0.23289523	6.388744	3.4115846	0.391629	0.1833739	1.1067159	0.16769537	1.00039	1.0380396	4.116188	-12.676376	-392.9794	90.28315	90.34839	0.004074641	0.00019058757	-0.00018393426	-0.1802029	0.8357622	4.5200887	4.508859	0.3916306	5.594488	0.8359461	478.59906	84.783775	-0.12046808	2.717904	15.153733	-1.0003903	0.33063626	269.12595	17299.65452647209
64	1643.0248	631.2815	2492.269	74.10878	1526128.1	819088.06	2467562.2	7470.0	9.770308	1.9645482	15.079582	4.3447022	5.539296	2.8782048	9.136892	0.0	288.0	288.0	0.0	0.0	73586.625	0.03773673076923077	1920001.0	478.72086	187.4198	840.3976	-7.9569693	478.72064	187.42111	836.49677	-10.362232	4.538983	0.2267812	6.2585278	3.5613759	0.37297863	0.15509978	0.999979	0.169952	1.0000712	1.0176654	4.953289	-11.266278	-389.665	90.364075	90.43027	0.003775477	0.00016303158	5.9900314e-05	-0.15050401	0.86088735	4.5391994	4.528168	0.37299916	5.592307	0.86082745	478.50464	87.97879	0.026623541	2.7556295	15.7322445	-1.0000718	0.37051082	274.9411	17574.744720458984
65	1699.2118	611.7541	2545.5332	45.777336	1782986.6	354809.44	2215601.2	1060955.0	9.652925	1.9056039	13.884922	3.8788075	7.8838425	1.9816304	10.956755	4.88211	288.0	288.0	0.0	0.0	74586.72	0.037670059974747476	1950001.0	477.31754	186.95021	839.9051	-11.929434	477.31677	186.9511	837.21643	-14.094797	4.5344677	0.23559403	6.4037595	3.4845822	0.3737543	0.16358018	1.0708405	0.16625802	0.99998033	1.0152147	7.509739	-13.235443	-386.2543	89.96552	90.03303	0.003854393	0.00017728716	0.00014385417	-0.13317531	0.8759765	4.5349097	4.523804	0.3737712	5.5876307	0.8758327	477.101	89.970894	-0.00991709	2.7787554	16.101927	-0.99998087	0.34467697	273.1622	17847.78958940506
66	1690.536	550.9066	2535.268	62.405373	1887197.2	554391.25	2684831.8	613168.1	10.3675785	2.2462263	15.881873	3.1980004	6.84877	1.356133	9.180308	5.0532107	288.0	288.0	0.0	0.0	75669.18	0.037646358053482584	1980001.0	476.5463	186.66385	845.06555	-10.6246805	476.54544	186.6647	835.6698	-12.34047	4.5596614	0.22650047	6.226365	3.5579102	0.37030712	0.15740207	1.0712945	0.16651721	1.0001335	1.00484	10.814293	-14.111365	-385.0046	89.99802	90.06903	0.0037861434	0.0001682463	-1.5288989e-06	-0.12797269	0.8805328	4.561117	4.5503173	0.37033108	5.60983	0.88053423	476.3378	90.4527	-0.0745463	2.7801342	16.123676	-1.0001338	0.30174446	272.05658	18119.7590572834
67	1642.9894	613.08307	2567.7373	13.255627	1849092.2	564524.4	2759725.2	1003366.0	9.716318	2.1129968	14.468314	1.1732163	7.722415	1.8029562	10.915657	5.4146748	288.0	288.0	0.0	0.0	76680.56	0.03758851102941176	2010001.0	475.53995	185.52226	835.651	-10.414367	475.53952	185.52339	835.0216	-13.032781	4.522079	0.22265624	6.1244216	3.552965	0.36314344	0.14647318	0.95998836	0.16565907	1.0001192	1.0171314	4.4157114	-11.982861	-383.45065	89.905014	89.97641	0.0037293946	0.00016448554	2.3354323e-05	-0.12770872	0.88110906	4.521536	4.510315	0.3631625	5.5616665	0.8810857	475.3044	90.97261	0.20882396	2.793925	16.35464	-1.0001189	0.30504942	275.3766	18395.14163684845
68	1651.1938	684.28076	2620.3499	39.4634	1928679.2	491440.78	2653150.0	1197287.8	9.367181	2.0201678	15.369189	2.4402637	7.6915503	1.4309728	9.857351	5.5543313	288.0	288.0	0.0	0.0	77657.055	0.037515485356280194	2040001.0	476.2951	185.1239	840.75256	-9.314767	476.2953	185.1246	839.6477	-14.208746	4.5405173	0.22453862	6.396943	3.5839493	0.37948355	0.1653458	1.0488557	0.16619374	0.9999153	1.0204532	4.224855	-11.198517	-389.2938	89.43162	89.50446	0.00392083	0.0001744194	0.00019557463	-0.13745704	0.87215054	4.541121	4.530133	0.37948796	5.6015587	0.87195486	476.07706	85.9113	-0.017240526	2.7300093	15.33624	-0.99991584	0.31210136	271.01428	18666.224318027496
69	1709.8501	518.4803	2597.9177	85.63011	1666356.4	681001.94	2375010.8	4500.0	10.225472	2.0581253	16.01023	4.863011	7.5490103	2.803977	9.761052	0.0	288.0	288.0	0.0	0.0	78719.734	0.03748558779761905	2070001.0	477.7919	184.94568	845.79944	-8.916195	477.79196	184.94588	842.585	-11.7162895	4.5639443	0.22163245	6.311259	3.4400256	0.37939018	0.15762196	0.9639461	0.16537428	1.0002366	1.0286851	5.3417273	-12.002111	-391.53247	89.286705	89.369995	0.0039233644	0.00016722146	-7.293652e-05	-0.15204214	0.85972005	4.565291	4.554564	0.37939882	5.627088	0.85979295	477.57916	85.18689	-0.071365744	2.7169409	15.137692	-1.0002369	0.3290422	273.15472	18939.350360393524
70	1618.1732	633.7	2544.423	65.08375	2047225.4	243253.28	2374918.2	1510572.9	9.975814	1.7064345	13.999919	3.8278859	5.8328753	1.0294051	7.245047	3.462305	288.0	288.0	0.0	0.0	79758.69	0.03744539319248826	2100001.0	477.00122	184.72762	852.64374	-9.00948	477.0013	184.727	834.54736	-13.602453	4.5522003	0.21039446	6.2271013	3.6009583	0.37636602	0.14897154	0.969553	0.16545495	0.99997115	1.029037	4.7576556	-11.12757	-388.04736	89.86642	89.95236	0.0038373999	0.00015878971	0.00016368681	-0.13470356	0.8747906	4.552723	4.541896	0.37636074	5.611722	0.87462693	476.77673	87.85476	0.06058408	2.7506526	15.655545	-0.99997133	0.3500805	276.9335	19216.369809150696
71	1565.8153	604.67896	2591.0088	50.276752	1368170.1	621050.25	2271099.0	0.0	9.859431	2.1881313	15.678497	3.0259295	5.53058	2.214475	8.384581	0.0	288.0	288.0	0.0	0.0	80787.33	0.03740154079861111	2130001.0	479.01135	184.01958	855.95807	-7.8950043	479.01123	184.01947	845.67035	-10.532598	4.5446396	0.21677718	6.3638134	3.5001287	0.39021227	0.15688597	0.9859739	0.16538708	0.9999286	1.0509529	3.8278632	-11.352249	-393.99814	89.60991	89.69778	0.0040754373	0.00017634683	0.0001889259	-0.16965283	0.84482706	4.5453134	4.53439	0.3901896	5.6229405	0.8446381	478.7884	83.94562	-0.0075758253	2.7030816	14.92864	-0.99992883	0.29069138	268.91333	19485.137917757034
72	1616.7885	674.72974	2584.0786	25.74147	2209263.5	304713.5	2679751.0	1684453.5	10.062257	2.459912	15.626481	1.1496608	7.7554336	1.6686862	10.506783	5.65159	288.0	288.0	0.0	0.0	81836.664	0.03736833975456621	2160001.0	479.47177	184.66945	843.87054	-8.863405	479.4717	184.66849	843.3627	-10.2718115	4.6145353	0.2298149	6.272787	3.343514	0.37818652	0.14150749	0.9280278	0.16869245	1.00023	1.004716	6.938409	-12.012732	-389.72037	89.93793	90.03566	0.0038405529	0.00015370744	-7.492083e-05	-0.1305566	0.8786172	4.616419	4.60619	0.37821692	5.6799126	0.87869215	479.24652	88.647484	-0.1983115	2.7470906	15.606723	-1.00023	0.32823777	272.90378	19758.08415222168
73	1718.0217	582.2755	2570.618	42.01806	1826931.0	893587.56	2713672.5	7650.0	9.584948	1.9071066	15.055384	4.6041565	5.664772	2.476924	8.332143	0.0	288.0	288.0	0.0	0.0	82834.38	0.03731278505067567	2190001.0	475.58228	184.86969	833.6905	-8.600689	475.58282	184.86841	835.2241	-10.998822	4.5465417	0.23835748	6.233808	3.389069	0.3723541	0.15052128	1.0194033	0.16740613	0.99986875	1.0071765	9.793332	-12.254518	-380.28616	89.85279	89.94756	0.0038261164	0.00016992507	0.0002320853	-0.11592016	0.89149874	4.5461273	4.5351396	0.3723594	5.599417	0.8912667	475.3304	94.153015	0.010438232	2.8221848	16.814613	-0.99986833	0.2997439	275.1087	20033.167117595673
74	1623.2576	635.1182	2511.887	52.575527	1891772.4	259995.86	2148375.2	1397643.4	9.519176	1.9662474	15.330972	3.8497787	5.254956	1.0289388	6.7604094	3.219025	288.0	288.0	0.0	0.0	83827.164	0.03725651736111111	2220001.0	476.69592	185.39325	839.85236	-10.560087	476.696	185.39229	833.81976	-14.068589	4.5042973	0.22724102	6.215274	3.51265	0.3854839	0.1679321	1.07541	0.16695008	1.0001153	1.0359929	4.065837	-11.921232	-386.28613	90.6718	90.77323	0.004032872	0.00018482046	7.399814e-05	-0.16894078	0.8455985	4.5038824	4.492465	0.38546622	5.5730205	0.84552443	476.44626	89.31456	-0.03207705	2.7740424	16.025787	-1.0001156	0.33576465	268.69867	20302.015671491623
75	1635.7834	580.0148	2499.692	52.97054	1867174.0	401028.47	2428121.2	1207666.2	9.668477	1.916151	14.946565	2.6929786	7.5300217	2.2516565	13.330985	5.173643	288.0	288.0	0.0	0.0	84832.38	0.037207185444078944	2250001.0	475.35828	184.89262	841.87054	-8.967796	475.35815	184.89113	831.45325	-11.236262	4.504929	0.21393996	6.2146955	3.6128135	0.37760553	0.15008567	0.99072874	0.16858731	1.0001154	1.0172863	6.5442967	-11.745393	-384.1182	89.810776	89.89722	0.0038580217	0.00016184108	2.020127e-05	-0.13124649	0.87804514	4.5044055	4.493025	0.3775825	5.5650353	0.87802494	475.10724	90.11104	0.13008483	2.7839375	16.192392	-1.0001153	0.34040642	270.62454	20572.538515090942
76	1677.2422	676.9127	2525.3313	46.314014	1783869.4	342293.5	2153461.2	1133040.5	9.384475	2.2373083	15.492993	2.63986	6.920114	1.993965	10.2799015	4.1915884	288.0	288.0	0.0	0.0	85812.31	0.03714818722943723	2280001.0	476.67905	184.93002	832.64795	-9.184896	476.67944	184.9289	837.0091	-11.536613	4.5531964	0.23792835	6.3841224	3.5197384	0.38570517	0.16452253	1.0248623	0.1720865	1.0000973	1.0124863	6.331013	-12.881224	-384.88068	89.87334	89.9578	0.003983883	0.0001738355	2.668802e-05	-0.13095284	0.87792826	4.553287	4.5423994	0.3856952	5.623188	0.87790155	476.4417	90.683136	-0.20285638	2.7798307	16.127522	-1.0000979	0.3130827	270.37546	20842.846169233322
77	1600.7491	649.3551	2650.3486	56.179607	1927021.6	520828.0	2647782.8	1253789.6	9.7467785	2.3840315	16.54375	2.1534226	7.421136	1.0216246	9.05935	6.039657	288.0	288.0	0.0	0.0	86828.21	0.03710607305021368	2310001.0	476.8181	184.78949	835.60547	-8.163109	476.81873	184.7882	837.5441	-10.502967	4.5008655	0.2217963	6.191162	3.5338423	0.37746245	0.15399228	0.97253907	0.17007424	1.0003879	1.0198054	3.4816546	-11.030382	-386.82407	89.781845	89.85878	0.0038995692	0.00016766787	-0.00022667942	-0.13521197	0.8743189	4.5005865	4.489147	0.37744728	5.560405	0.8745456	476.5852	88.88663	0.11714517	2.7714157	15.986954	-1.0003881	0.33352685	271.01935	21113.929916620255
78	1695.9662	512.6283	2580.6514	61.20079	1900941.8	908733.8	2852246.2	34349.344	9.94473	2.0796576	15.331535	5.00184	8.819557	3.397717	13.169797	0.4846498	288.0	288.0	0.0	0.0	87862.766	0.03707289688818565	2340001.0	477.81854	185.34924	834.7157	-9.50181	477.8188	185.34819	835.3503	-12.117344	4.511614	0.23665616	6.1957674	3.4868178	0.38337916	0.16030422	1.0533781	0.17356886	0.9999684	1.0353968	4.706831	-11.299011	-387.02234	90.34123	90.412544	0.0039795805	0.00017784248	0.0001760854	-0.15652603	0.8558498	4.5105534	4.4991846	0.38336638	5.578018	0.8556736	477.5616	89.68356	-0.06387208	2.7774405	16.078505	-0.99996865	0.29024744	272.4673	21386.333826303482
79	1613.6621	686.6723	2549.7864	31.544569	1661776.8	673396.5	2480905.5	126785.2	9.317852	2.245377	14.868573	3.2112615	6.783208	1.9537824	9.716645	2.5889654	288.0	288.0	0.0	0.0	88832.95	0.03701373046875	2370001.0	477.1232	184.8961	837.1148	-6.2965994	477.12384	184.89412	830.4301	-8.851458	4.4837284	0.22744042	6.3890615	3.444267	0.38587627	0.16274385	1.0892051	0.17102431	0.999725	1.0332581	9.014671	-11.776081	-389.79807	90.57281	90.65125	0.003985593	0.00018342595	0.00036924836	-0.14788881	0.86327213	4.483014	4.4713573	0.3858596	5.55332	0.86290294	476.87268	86.211716	0.10149301	2.7420793	15.526042	-0.9997254	0.2823844	270.57446	21656.910996198654
80	1557.7498	575.8292	2529.811	39.078262	2025346.0	410701.0	2723662.5	1449010.1	10.113847	2.1448643	14.120499	3.103254	7.300494	2.2868443	11.119769	3.2822917	288.0	288.0	0.0	0.0	89887.78	0.03699085648148148	2400001.0	475.58444	185.82076	844.1255	-8.477211	475.585	185.81891	829.67816	-10.660403	4.517867	0.22497945	6.351178	3.5214853	0.38638902	0.16216518	1.078831	0.17303064	1.0003873	1.0232692	2.881383	-13.962658	-385.0204	90.292465	90.373085	0.00393328	0.0001776393	-0.00020800706	-0.13921642	0.87064314	4.517696	4.5064373	0.38638356	5.5889416	0.87085116	475.34647	89.455185	-0.07337403	2.7728195	16.00633	-1.0003873	0.29196167	270.75247	21927.667586565018
81	1606.7167	668.85986	2546.9917	42.59844	2108722.2	429938.06	2641190.2	1420925.9	9.869522	2.4249299	14.964216	1.2673457	6.3196397	1.2829212	8.432817	4.0235386	288.0	288.0	0.0	0.0	90915.94	0.03695769817073171	2430001.0	475.4545	186.04791	840.1827	-5.8955636	475.45508	186.046	838.75305	-7.7963037	4.5347047	0.22303797	6.294689	3.5064323	0.37593037	0.1478816	1.0288701	0.17480099	0.99966323	1.0175009	4.8212585	-12.284861	-386.77744	89.89358	89.971664	0.0038971242	0.0001655826	0.00041368615	-0.13516772	0.87443566	4.5351586	4.5240955	0.37592402	5.594062	0.87402207	475.23334	87.5819	-0.08883421	2.750644	15.655121	-0.99966335	0.39263153	272.39792	22200.190534353256
82	1596.5802	670.3491	2525.134	52.07103	1907501.2	325882.25	2604139.0	1413448.0	9.464863	2.2293048	14.910312	2.955494	9.068019	1.6080905	11.245573	6.9179697	288.0	288.0	0.0	0.0	91901.68	0.036908305095381524	2460001.0	474.527	186.31766	835.23987	-7.181235	474.52786	186.31607	828.9845	-8.958384	4.5011463	0.22023967	6.175718	3.5428624	0.381328	0.16227326	1.0559047	0.16995406	1.0004715	1.0216371	8.2138	-13.993945	-381.2341	89.71092	89.78465	0.0039340374	0.00018062003	-0.00028652407	-0.13813354	0.8717388	4.5003033	4.488866	0.3813119	5.5640774	0.87202525	474.28146	92.17533	-0.022302829	2.8073308	16.56613	-1.000472	0.32535982	268.22525	22468.36405801773
83	1718.3223	546.37195	2581.084	75.1936	1080921.8	904507.2	2662254.5	0.0	9.861771	1.9143925	15.29608	5.524449	3.9496014	2.6815062	7.492252	0.0	288.0	288.0	0.0	0.0	92927.95	0.036876171875	2490001.0	475.09058	187.06744	834.20074	-8.166	475.0912	187.06624	828.31085	-11.046549	4.5047383	0.22399324	6.19921	3.4636822	0.3760417	0.14419797	1.0068873	0.17180023	0.9998953	1.0357599	4.334627	-11.02737	-387.8717	90.5615	90.634766	0.003881999	0.00017121162	0.00024764854	-0.15968518	0.853319	4.504608	4.4931865	0.37603799	5.56434	0.85307133	474.8437	86.11893	0.15818629	2.73905	15.479711	-0.9998954	0.28826523	274.64902	22742.949881076813
84	1657.2445	614.3834	2562.9229	65.74334	1622370.6	826371.7	2511377.0	0.0	9.58176	2.333972	16.368258	2.3177662	4.1988506	2.300545	7.211298	0.0	288.0	288.0	0.0	0.0	93926.14	0.036833780637254905	2520001.0	477.23938	187.7929	840.1426	-6.2707086	477.23938	187.79147	837.1102	-9.694751	4.5044065	0.22597358	6.1825	3.6174536	0.39128518	0.15879187	1.0957397	0.17208816	1.0005057	1.0558789	4.578817	-12.403477	-385.0941	91.21615	91.29601	0.0040995046	0.00019120259	-0.00019723836	-0.16790724	0.84597534	4.503674	4.4922576	0.39128095	5.5828743	0.8461725	476.99283	91.05255	-0.15637836	2.7914898	16.311003	-1.0005065	0.3436513	270.243	23013.303485393524
85	1638.7975	683.98724	2567.5864	40.408295	1581018.0	803522.44	2599508.2	53341.42	9.325189	2.1583085	13.149821	1.5291493	7.2833457	2.703002	9.972433	0.01426365	288.0	288.0	0.0	0.0	94897.1	0.036781822311046514	2550001.0	476.14517	187.54836	847.179	-9.078432	476.1453	187.54654	841.9788	-11.689364	4.4624133	0.23010635	6.227435	3.509882	0.3933234	0.16629753	1.0941353	0.16950989	0.9996668	1.0556179	8.331556	-12.707311	-384.43994	90.84203	90.922	0.004063188	0.00019487098	0.00051696313	-0.16532838	0.84805775	4.4611163	4.4491787	0.39332017	5.541791	0.84754074	475.89407	90.6066	0.07255126	2.7939107	16.349695	-0.99966735	0.34234524	270.09982	23283.353811979294
86	1614.3787	617.5488	2545.2625	47.8562	1690983.2	906157.6	2719197.0	0.0	9.313643	2.205193	16.197662	2.4955444	6.1158566	3.5304022	10.280885	0.0	288.0	288.0	0.0	0.0	95866.445	0.03673043881704981	2580001.0	476.80362	187.844	840.43524	-7.856182	476.80408	187.84229	840.45465	-8.926477	4.466089	0.22466569	6.0831537	3.4812002	0.39162958	0.16362382	1.0765005	0.16465095	1.0000913	1.0571116	10.227197	-13.570154	-387.66867	91.02227	91.097916	0.0040256144	0.00018938113	0.00013057452	-0.17295165	0.8418372	4.4648724	4.4530096	0.3916241	5.543465	0.84170663	476.5577	88.0473	0.06930243	2.7650483	15.882518	-1.0000912	0.32445335	272.17194	23555.560065984726
87	1810.8618	511.30682	2584.5508	87.23135	1192110.1	788891.2	2444098.0	0.0	9.808707	1.7722726	14.282568	5.821057	7.0875955	4.2874465	15.025529	0.0	288.0	288.0	0.0	0.0	96891.484	0.03670131983901515	2610001.0	477.89804	186.55917	839.756	-6.2589602	477.8983	186.55779	837.1725	-9.042867	4.489778	0.2514987	6.4697785	3.480668	0.40814534	0.19007817	1.2807281	0.16705042	1.0002115	1.0574199	6.8354897	-11.334483	-389.53427	90.293816	90.37233	0.004320517	0.0002168989	3.5324796e-05	-0.16620955	0.84757864	4.4893703	4.47773	0.40814212	5.5867124	0.84754336	477.66727	87.285484	-0.26309916	2.7479653	15.621521	-1.0002118	0.36371255	269.46063	23825.11956858635
88	1596.9333	668.65625	2609.2039	37.31954	1742696.2	424420.16	2227267.0	1081883.5	9.270473	2.1466656	14.109711	2.018297	6.977952	1.032189	8.564996	5.1048408	288.0	288.0	0.0	0.0	97855.59	0.03665003511235955	2640001.0	476.78497	186.46216	836.55707	-8.299044	476.78546	186.46005	835.54974	-10.476948	4.447377	0.24497548	6.338718	3.5573444	0.40667886	0.197385	1.2540326	0.16187192	1.0001469	1.054916	11.783859	-11.983124	-383.173	90.85639	90.94561	0.0041698264	0.00021692054	8.7872475e-05	-0.14410676	0.8663061	4.4458494	4.43371	0.40667987	5.5395346	0.8662184	476.532	92.492836	-0.0027140458	2.815197	16.696814	-1.0001471	0.3176248	273.33978	24098.321039915085
89	1556.6166	704.1129	2594.582	39.44429	1416074.9	634032.4	2353269.8	415595.7	9.311615	2.1190941	16.151255	3.1929088	8.279112	2.3916712	12.698022	4.4766893	288.0	288.0	0.0	0.0	98822.87	0.03660106192129629	2670001.0	475.20416	187.87218	838.9721	-6.120616	475.20456	187.86993	833.9912	-9.190722	4.440789	0.2343807	6.1806297	3.5282378	0.3997458	0.18422481	1.213168	0.16173373	1.000207	1.0624641	7.382083	-12.478767	-385.25085	91.27454	91.35677	0.004105575	0.00021324302	1.3686629e-05	-0.16155875	0.85149	4.43917	4.426972	0.3997463	5.52549	0.8514764	474.9558	88.85352	0.13488053	2.7773478	16.080448	-1.000207	0.34254336	269.6402	24368.046938419342
90	1705.0061	628.1817	2674.9885	53.85205	1824666.6	786425.1	2736250.0	1080.0	10.00757	2.077646	15.129414	3.7649074	7.0241494	2.8025315	9.538775	0.0	288.0	288.0	0.0	0.0	99868.02	0.036581693566849816	2700001.0	476.07175	189.56331	846.98	-6.8386087	476.07263	189.56195	838.3091	-8.819219	4.472059	0.24649869	6.297514	3.4903395	0.40327153	0.1932296	1.2729552	0.15889744	1.000221	1.0547334	11.746683	-11.145376	-387.10913	91.243614	91.32422	0.0042418903	0.00022290678	1.14311215e-05	-0.16868311	0.8453232	4.4718256	4.4599876	0.4032747	5.5614605	0.8453117	475.84634	87.89187	-0.11906315	2.7599034	15.803379	-1.0002214	0.32576036	274.9228	24642.919757843018
91	1729.8925	560.653	2561.3782	128.61932	1789719.2	723669.4	2596952.5	1680.0	9.532974	1.7222464	16.848482	5.5645156	6.913934	2.935682	10.675447	0.0	288.0	288.0	0.0	0.0	100861.57	0.036544047214673914	2730001.0	476.4858	188.84956	844.3164	-4.728962	476.48642	188.84769	831.3174	-6.8148956	4.4560623	0.23337886	6.358079	3.5134602	0.4003007	0.19389254	1.2644669	0.15942967	1.0000824	1.0532212	5.2679157	-12.017235	-382.5161	91.261795	91.34343	0.0041034855	0.0002109128	0.00012866191	-0.1586637	0.85393465	4.4549	4.442903	0.400302	5.539949	0.8538059	476.24097	92.87103	-0.040396996	2.8192236	16.764025	-1.0000823	0.33647108	269.76495	24912.661056995392
92	1544.455	597.28253	2592.3071	42.284283	1685917.0	693580.7	2726924.2	590012.06	9.506786	2.0012095	15.477934	3.0796394	7.6442423	1.0091844	8.745855	5.5803223	288.0	288.0	0.0	0.0	101853.08	0.03650647961469534	2760001.0	475.8175	189.30879	836.20404	-1.7714214	475.81735	189.30748	832.77075	-3.5736175	4.4473095	0.22221273	6.230273	3.5517302	0.39124018	0.17844106	1.1467327	0.15947267	0.99994695	1.0526708	5.0698514	-12.773586	-385.03302	91.28657	91.36425	0.0040262146	0.00020054363	0.00025129347	-0.17107241	0.8434021	4.4462724	4.4341908	0.391242	5.5212936	0.84315085	475.577	89.70081	0.097227156	2.78772	16.246792	-0.9999466	0.3152833	275.68573	25188.28081011772
93	1655.5209	636.54834	2537.3545	39.606697	1890335.2	680139.6	2573716.0	67028.51	9.518655	1.953461	15.690887	3.132446	6.6375704	2.274428	9.552948	1.1998137	288.0	288.0	0.0	0.0	102843.29	0.03646925144060284	2790001.0	476.7591	189.88878	836.62646	-2.1280959	476.76016	189.88577	833.71436	-5.583312	4.471856	0.23179242	6.209793	3.569935	0.3906932	0.17040174	1.1611576	0.1598805	0.9999763	1.0489461	5.1611443	-11.631325	-385.4028	92.39893	92.48839	0.0040547084	0.00020131696	0.00018965348	-0.17435437	0.8405169	4.4712496	4.459431	0.39069408	5.5474176	0.84032726	476.52826	90.28512	-0.08235254	2.7894802	16.275043	-0.99997574	0.30666304	284.35757	25472.61349081993
94	1512.463	658.29285	2606.1948	26.575426	1700137.2	693106.9	2739635.2	476719.66	9.331171	2.3186343	13.996758	1.5141157	8.600054	2.0373993	11.784266	3.3021977	288.0	288.0	0.0	0.0	103815.0	0.03642631578947368	2820001.0	475.26257	190.55959	836.73987	-2.0963058	475.26288	190.55817	835.6811	-5.9456844	4.4460726	0.23367582	6.1616073	3.6103125	0.38994876	0.17739834	1.1731724	0.15631583	1.0000174	1.0463606	5.436099	-14.304929	-382.64944	92.65852	92.74214	0.0040247357	0.00020873404	0.00017747434	-0.162575	0.8505914	4.444816	4.432676	0.38994855	5.5185127	0.8504139	475.0176	91.51774	0.116502725	2.8080127	16.583296	-1.0000173	0.29140663	284.2039	25756.818218946457
95	1620.5923	646.04004	2601.9006	57.99417	1646988.1	728765.75	2461354.2	417014.78	9.886627	2.0154264	16.49952	4.039093	7.211763	1.8888813	9.258886	2.8384285	288.0	288.0	0.0	0.0	104847.836	0.036405498589409724	2850001.0	475.61725	190.95267	836.52924	-6.009187	475.6171	190.95148	836.12964	-8.624936	4.472891	0.23131022	6.298732	3.5757716	0.3967008	0.17844146	1.2591844	0.15597935	1.0003574	1.0556474	8.198817	-12.84454	-386.26584	92.58777	92.673485	0.0041531273	0.00020814924	-9.9246216e-05	-0.1844934	0.8321866	4.4724755	4.4606814	0.3967004	5.55546	0.83228594	475.3908	88.29269	-0.078798346	2.765575	15.8927765	-1.000357	0.28682852	284.69217	26041.517261743546
96	1707.7699	512.8752	2573.2478	67.92131	2001100.0	516877.1	2711328.5	1203151.8	9.57065	1.9717495	13.799177	4.2197328	7.3565545	1.2680322	9.464858	5.5463166	288.0	288.0	0.0	0.0	105841.69	0.03637171391752577	2880001.0	476.17245	189.79437	844.73535	-10.081839	476.17328	189.79343	841.3866	-13.527765	4.451329	0.2284939	6.1640477	3.660771	0.3959851	0.17999533	1.8555831	0.1613534	1.0003334	1.054216	10.128191	-13.00652	-384.81796	92.29844	92.38893	0.004090217	0.00020600307	-9.340499e-05	-0.17701165	0.8383293	4.4503584	4.438309	0.39598525	5.5321865	0.8384226	475.9334	90.27699	0.047613945	2.7920835	16.318329	-1.0003341	0.29289365	284.72174	26326.226343393326
97	1635.9883	667.37695	2591.91	48.399734	1650927.8	714232.94	2641177.5	0.0	9.419486	2.0723252	17.0704	3.4813352	7.328241	2.8513582	10.502154	0.0	288.0	288.0	0.0	0.0	106822.44	0.03633416241496599	2910001.0	476.49747	190.18712	839.70294	-31.0909	476.49823	190.18567	839.2056	-44.134846	4.45397	0.2258598	6.1762424	3.0758832	0.3952418	0.18098612	3.4937983	0.16095313	0.99971515	1.055963	17.769339	-11.952228	-385.1328	93.10717	93.19213	0.0041281125	0.00021936273	0.00043982692	-0.17224537	0.8425257	4.452784	4.4407663	0.39523077	5.53377	0.8420859	476.25034	90.27544	-0.032853134	2.7919757	16.313541	-0.99971575	0.28396797	285.18353	26611.42219519615
98	1614.7632	685.61035	2608.4932	31.396383	1713112.6	407930.53	2546997.2	1216762.5	9.982727	3.2403898	31.66129	2.971015	6.7014885	1.2351048	8.18553	5.160558	288.0	288.0	0.0	0.0	107864.414	0.036317984532828286	2940001.0	475.5412	190.92159	846.50684	-56.414635	475.5419	190.91972	843.1438	-59.60363	4.4595017	0.23789325	9.545087	3.5489304	0.4041357	0.19687048	9.585866	0.16081157	1.0004663	1.0529948	12.384216	-14.299309	-384.80496	93.248405	93.33545	0.0042180456	0.00023851894	-0.00017984417	-0.17880872	0.83702487	4.4590387	4.4470572	0.40413135	5.5512547	0.83720475	475.30728	89.66511	-0.06837938	2.781828	16.151772	-1.0004662	0.32473302	285.55566	26896.986758947372
99	1581.1906	655.93353	2527.498	25.19911	1726577.2	501058.28	2506922.8	1015356.56	9.20614	2.2428954	15.153505	1.675689	7.2604485	2.0718884	10.06685	3.4919233	288.0	288.0	0.0	0.0	108821.86	0.036273953125	2970001.0	474.9512	191.03233	838.7489	-12.374164	474.95187	191.03046	838.7025	-13.25859	4.4494452	0.23152663	6.214053	3.4904964	0.38851225	0.1701663	1.1606259	0.1600207	1.0002993	1.0490689	9.441538	-11.307352	-382.00284	93.66732	93.75765	0.0040047695	0.00020258578	-5.930497e-05	-0.16997981	0.84425795	4.4481196	4.436025	0.38851315	5.521063	0.8443172	474.70514	91.857994	0.11116569	2.8113172	16.6372	-1.0002993	0.2922244	286.03317	27183.041573047638
