Epoch	AverageEpRet	StdEpRet	MaxEpRet	MinEpRet	AverageTestEpRet	StdTestEpRet	MaxTestEpRet	MinTestEpRet	AverageEpCost	StdEpCost	MaxEpCost	MinEpCost	AverageTestEpCost	StdTestEpCost	MaxTestEpCost	MinTestEpCost	EpLen	TestEpLen	EpGoals	TestEpGoals	CumulativeCost	CostRate	TotalEnvInteracts	AverageQR1Vals	StdQR1Vals	MaxQR1Vals	MinQR1Vals	AverageQR2Vals	StdQR2Vals	MaxQR2Vals	MinQR2Vals	AverageQCVals	StdQCVals	MaxQCVals	MinQCVals	AverageQCVar	StdQCVar	MaxQCVar	MinQCVar	AverageLogPi	StdLogPi	MaxLogPi	MinLogPi	LossPi	LossQR1	LossQR2	LossQC	LossQCVar	LossAlpha	LogAlpha	Alpha	LossBeta	LogBeta	Beta	PiEntropy	TestTime	EpochTime	TotalTime
1	2059.803	385.56168	2957.0005	1094.3004	2194458.8	440982.8	2984231.8	1789220.1	16.117807	5.2959704	58.99646	9.923011	11.889835	1.5194355	14.798427	9.575938	288.0	288.0	0.0	0.0	1677.6149	0.027960247802734376	30001.0	557.5715	50.435978	875.0091	456.83496	557.5623	50.441147	870.6212	443.20145	5.626214	0.2572333	6.613101	3.9873261	0.42532244	0.074494675	1.4631867	0.15553252	1.0009289	1.0191727	11.00091	-12.356211	-410.15747	69.82836	69.073814	0.004638552	0.0002395502	-0.0009462143	0.16158214	1.1771867	-3.8915088	3.1682167	23.781885	-1.000929	0.31037378	139.20454	139.66742944717407
2	1986.0522	324.94305	2869.9705	1633.924	2169733.0	346007.53	2960607.5	1831290.0	13.198482	1.8487176	18.115042	7.9201913	11.989982	2.0356612	14.805834	8.521848	288.0	288.0	0.0	0.0	3055.3672	0.033948524305555554	60001.0	550.0133	49.771294	811.24207	450.3898	550.0126	49.782276	818.53766	442.61102	5.325066	0.22194165	6.7674885	4.0310197	0.38950124	0.062110897	1.0587407	0.25524643	0.9997216	1.0206797	4.5974126	-11.900165	-403.73492	69.56944	69.37728	0.0040833815	0.00018131045	0.00050146115	0.2000847	1.2223094	0.032763936	3.2123244	24.84483	-0.999721	0.3025608	140.1829	279.89015674591064
3	2122.532	392.99658	2978.4355	1617.1412	2238290.0	369083.12	3002394.5	1909682.8	14.50598	2.067486	20.146591	9.679225	16.164272	1.8208178	18.661964	13.361107	288.0	288.0	0.0	0.0	4564.8667	0.03804055582682292	90001.0	552.0575	50.120598	830.695	448.9797	552.05707	50.127815	827.45776	452.3448	5.3192325	0.211693	6.7463317	3.995115	0.39781025	0.049303208	0.8165912	0.21824165	0.9999568	1.0219265	4.004803	-12.401489	-420.1974	67.02648	66.89625	0.004294574	0.00018598064	0.00020750852	0.15849574	1.1722281	0.1756554	3.1080468	22.385607	-0.9999569	0.28540206	140.1909	420.0765187740326
4	2062.7834	364.58987	2926.0083	1694.7772	2180711.0	450771.25	2952962.2	1799064.6	14.546459	1.7325922	19.958876	11.27146	10.520916	1.1918294	12.423704	8.521058	288.0	288.0	0.0	0.0	6080.0044	0.04053336263020833	120001.0	562.7316	50.6702	838.635	459.12503	562.731	50.680943	835.0296	462.04642	5.438139	0.20646411	6.604711	4.1078205	0.41026846	0.05722187	0.84877783	0.33370358	0.9998836	1.0275735	3.8752258	-10.965675	-423.20056	69.185814	68.999374	0.004305671	0.0001984099	0.00029356708	0.14469407	1.1563166	-0.23734264	3.1435974	23.194626	-0.99988437	0.31364274	140.18472	560.2715044021606
5	2024.6394	326.41626	2879.9985	1684.9858	2060773.2	346859.78	3069159.5	1878362.4	14.5038805	1.8787969	18.71628	9.640006	13.98833	1.3106589	15.439245	10.815793	288.0	288.0	0.0	0.0	7591.4004	0.04217444661458333	150001.0	563.1889	50.413654	838.3162	463.3916	563.18854	50.42358	836.0104	464.6772	5.3895183	0.19479977	6.493794	4.0997486	0.39828086	0.05292381	0.81676036	0.33313182	1.0000188	1.0359687	3.4482725	-11.37257	-426.67255	69.28589	69.12543	0.004244092	0.00019159	0.00013943267	0.14647578	1.1582519	0.04646529	3.131087	22.902166	-1.0000188	0.29167962	140.11519	700.3883903026581
6	2111.4038	392.92245	2922.4668	1648.321	2406587.0	479326.0	3099517.0	1863196.1	13.99084	2.0681145	19.23799	8.166808	13.391733	1.6163487	15.946928	10.561227	288.0	288.0	0.0	0.0	9048.064	0.04308602120535714	180001.0	565.912	51.64236	843.53345	466.40274	565.911	51.6517	840.02826	466.84454	5.4157276	0.20010072	6.5779085	4.12763	0.39636725	0.056179736	0.8079189	0.33718827	1.000227	1.0308648	3.6102033	-13.077442	-428.87567	70.64333	70.45973	0.0041885353	0.00019431603	-0.00012183851	0.14914612	1.1612523	-0.00585812	3.1306996	22.890615	-1.0002272	0.3239634	140.31487	840.7204184532166
7	2127.8423	388.69885	2942.3604	1711.8026	2260278.8	416266.5	3068610.5	1856849.4	14.2512045	1.9689381	18.84486	9.759673	15.307933	0.9029411	16.937641	13.777576	288.0	288.0	0.0	0.0	10532.02	0.043883414713541666	210001.0	568.0167	53.18229	845.99927	466.66562	568.01605	53.195614	845.4194	466.75204	5.4249086	0.2072525	6.632963	4.111072	0.3965039	0.058731154	0.9221762	0.33345225	1.0000484	1.0331151	4.166312	-11.494697	-428.78574	74.0646	73.80324	0.0042479928	0.00021186816	0.00010679876	0.13582	1.1461626	-0.025260359	3.145223	23.225538	-1.0000496	0.28861737	140.21866	980.9467136859894
8	2084.1248	375.7375	2962.9468	1676.574	2227104.8	391980.6	3018936.8	1868598.0	14.426316	1.9873401	19.026085	10.343293	15.101128	1.5482754	17.355438	12.6198	288.0	288.0	0.0	0.0	12035.994	0.04457775607638889	240001.0	569.88885	55.22697	849.88696	467.71616	569.888	55.245438	855.6043	468.12854	5.421658	0.21138707	6.5037546	4.1112695	0.3985959	0.059621077	0.8313609	0.33968568	1.0000161	1.027747	4.95863	-13.745443	-431.37436	76.337814	76.016556	0.0042367987	0.00021294833	0.00013421202	0.16257267	1.1771172	0.0006079503	3.1400065	23.104242	-1.0000166	0.31078506	140.34625	1121.2805397510529
9	2057.4724	354.02362	2929.198	1648.443	2130757.2	309044.5	2962999.8	1896031.4	14.146332	2.1230526	19.283306	8.420604	15.840228	2.2845962	19.864712	11.803702	288.0	288.0	0.0	0.0	13508.07	0.045026901041666664	270001.0	568.72546	55.65503	853.22046	466.078	568.724	55.672306	852.4979	468.25934	5.4164357	0.21338183	6.4337897	4.1130037	0.39939323	0.059434384	0.7854388	0.3259655	0.9997924	1.0306784	7.2161164	-11.402434	-431.32132	76.89929	76.512566	0.0042734537	0.00021907632	0.00038581903	0.15094076	1.1633979	0.025347538	3.1325798	22.933706	-0.9997919	0.28701782	140.2977	1261.5803360939026
10	2006.788	321.18616	2894.4185	1701.2169	2219651.5	343882.94	2946518.5	1936321.6	14.332	1.928441	19.020952	10.098017	14.381061	2.0300598	16.942066	9.482593	288.0	288.0	0.0	0.0	15000.663	0.04545655480587121	300001.0	568.59326	55.12475	848.724	465.89838	568.59247	55.13825	854.9755	466.07245	5.4225516	0.21292235	6.455659	4.116926	0.40369755	0.06038368	0.8155087	0.33293736	1.0000008	1.0308803	3.5955234	-12.132094	-432.73325	76.03629	75.65265	0.004300318	0.00021646598	0.0001589596	0.14637107	1.1581264	-0.020556316	3.1196647	22.639286	-1.0000015	0.29247952	141.10178	1402.6664123535156
11	2070.9543	368.46234	2891.1184	1697.9391	2385185.5	441042.2	3043399.8	1918286.2	14.153703	2.0110307	19.898523	8.152357	12.2403965	1.5003961	14.118846	9.6424675	288.0	288.0	0.0	0.0	16476.53	0.04576813693576389	330001.0	567.59564	54.992195	846.78076	465.71796	567.5953	55.00932	852.7598	464.59644	5.4190145	0.21272942	6.510566	4.1410017	0.40351018	0.05834641	0.8265321	0.32390112	1.0004642	1.0327978	3.3906775	-14.228804	-430.86917	75.25719	74.84931	0.0043132147	0.00021437427	-0.0003859852	0.1435266	1.1548722	-0.010167154	3.12671	22.799498	-1.0004635	0.28161955	140.49799	1543.1866443157196
12	2090.7227	364.6964	2893.6638	1675.7496	2420949.8	475237.38	3055911.2	1945240.1	14.701022	1.9628768	19.838476	10.303212	13.401741	1.1064115	15.926543	12.162725	288.0	288.0	0.0	0.0	18007.621	0.04617338741987179	360001.0	567.8481	54.67593	846.8575	462.6198	567.847	54.692055	859.3834	467.5644	5.4158406	0.21570277	6.6276684	4.0955315	0.40666682	0.05921034	0.8307611	0.32569128	0.99999493	1.0326629	3.4207582	-14.139351	-432.4294	74.5168	74.091576	0.00433349	0.00021782072	0.0001487292	0.1500692	1.1624849	-0.0007211145	3.1170218	22.580345	-0.9999957	0.28051782	140.45311	1683.6248688697815
13	2080.0227	374.59286	2904.17	1703.4618	2365521.2	489070.62	3105523.8	1871768.5	14.190716	2.0236201	17.9525	9.733806	14.017151	1.465341	16.115816	11.368465	288.0	288.0	0.0	0.0	19485.047	0.04639296875	390001.0	565.92535	54.40748	842.0661	457.73196	565.92395	54.427414	844.17804	465.98737	5.409287	0.21168761	6.5518265	4.1150985	0.4018325	0.05601009	0.83044386	0.345162	1.0000432	1.0273676	7.216466	-12.720518	-430.99554	73.56737	73.15599	0.004239682	0.0002063723	0.00010256532	0.14784005	1.1599258	0.03850427	3.1148589	22.533459	-1.0000426	0.29935074	140.40283	1824.0300493240356
14	2034.6382	324.68637	2873.3933	1672.8143	2204039.2	374592.06	2961551.8	1878140.2	14.305741	2.0111666	19.007874	9.028045	13.486491	1.5948364	15.980942	10.750356	288.0	288.0	0.0	0.0	20973.723	0.04660827256944444	420001.0	566.41785	54.437954	845.33026	460.8132	566.417	54.45624	843.0983	466.1769	5.421763	0.21243241	6.529497	4.1316056	0.40475753	0.06015827	0.8207916	0.34548524	0.9999835	1.0295886	6.8549848	-12.695159	-432.02084	74.05657	73.655716	0.004279538	0.00020967041	0.00018430236	0.14455223	1.1559258	-0.018263122	3.1085763	22.389421	-0.99998325	0.3021698	140.59676	1964.6362254619598
15	2051.0708	340.25308	2914.0613	1718.3212	2201145.5	384167.53	2941639.5	1803119.1	14.150318	2.087754	18.862024	8.439258	13.674059	1.5190079	15.801117	11.066312	288.0	288.0	0.0	0.0	22451.828	0.04677464192708333	450001.0	566.2349	55.017082	849.62476	462.59204	566.23334	55.037514	848.9639	466.50458	5.40665	0.21099469	6.429301	4.0944705	0.40631825	0.056264617	0.81461245	0.35103655	0.99987483	1.0294868	5.955933	-11.65094	-434.14633	75.01722	74.628334	0.004295207	0.00021189747	0.00030025677	0.1306865	1.1400427	0.039987914	3.0934017	22.053768	-0.99987483	0.3073871	140.5228	2105.1521923542023
16	2093.0627	395.65765	2903.6772	1634.7487	1999552.6	79788.56	2135649.5	1874686.8	14.140484	1.7513673	18.28434	9.3652315	13.009313	1.1560673	14.685488	11.198279	288.0	288.0	0.0	0.0	23923.668	0.04690915287990196	480001.0	565.95184	54.851692	847.0056	464.10077	565.9504	54.86426	845.46045	466.003	5.408057	0.2166606	6.384292	4.077462	0.40624115	0.05595925	0.8665568	0.32710397	1.0001549	1.0339614	4.072306	-12.3240185	-435.18243	73.670555	73.490166	0.0043168655	0.00021679835	-1.915291e-05	0.130017	1.1394114	0.04077784	3.0829566	21.825165	-1.0001553	0.31197953	140.37227	2245.5159204006195
17	2090.1018	378.0568	2912.429	1655.9209	2138775.8	393395.94	2912656.5	1792086.4	14.561365	2.1286871	19.458338	9.512039	8.918676	1.1708014	11.510713	7.480668	288.0	288.0	0.0	0.0	25438.805	0.04710889756944445	510001.0	566.3642	54.82886	849.22107	464.39316	566.3627	54.846176	844.38403	466.6643	5.4244785	0.21800043	6.46041	4.083758	0.4093382	0.057747226	0.885647	0.33140406	1.0000799	1.0282912	4.82099	-11.9224205	-435.4717	73.843094	73.61107	0.004331849	0.00021463705	5.989086e-05	0.14111689	1.152004	-0.058413513	3.0807254	21.777498	-1.00008	0.29663205	140.39229	2385.917535305023
18	2083.8928	368.7944	2933.5547	1599.8275	2371111.5	484182.97	3014077.0	1834246.5	14.283268	1.9743742	18.795502	7.829851	11.65443	0.9760942	13.372596	10.630843	288.0	288.0	0.0	0.0	26927.662	0.04724151247258772	540001.0	566.38776	55.39944	852.61127	460.80115	566.3864	55.417515	844.99786	464.8065	5.4178514	0.21974194	6.4418764	4.084493	0.406834	0.05774919	0.8611353	0.33444524	1.0001442	1.0325139	5.0473933	-11.89685	-437.13345	74.36826	74.104385	0.004345543	0.0002189607	1.1037191e-07	0.13611272	1.1464559	-0.008232736	3.0694268	21.530632	-1.0001445	0.28701544	140.44315	2526.370807170868
19	2111.3545	375.56564	2966.5508	1677.5345	2146258.0	424954.12	2982703.2	1841296.1	14.210809	1.9355174	19.330631	8.814909	12.969557	1.5544094	15.3374405	10.406761	288.0	288.0	0.0	0.0	28407.146	0.047345244140625	570001.0	566.26385	55.4354	846.23584	466.32083	566.263	55.450302	846.14935	466.32822	5.4105954	0.21733916	6.464711	4.1016393	0.40426585	0.059038773	0.84021264	0.32767376	0.999779	1.0335977	11.358697	-12.65834	-435.9988	74.87383	74.644035	0.0043355073	0.00021573016	0.00041186519	0.14186609	1.1529591	0.029504659	3.078738	21.73309	-0.9997789	0.2997284	140.54723	2666.9156918525696
20	2118.823	402.4158	2928.428	1627.1262	2245026.2	403362.9	3061998.8	1879853.9	14.242138	2.1122253	19.350483	8.561052	14.090269	1.4364153	16.221083	11.731657	288.0	288.0	0.0	0.0	29891.127	0.04744623325892857	600001.0	567.1861	56.163208	851.5346	466.1312	567.1846	56.182747	848.7251	466.14523	5.420944	0.22482282	6.4265823	4.096473	0.40883577	0.060103055	0.83036214	0.30305126	1.0001829	1.0327762	4.611577	-11.573179	-435.81873	75.03496	74.78695	0.0043542925	0.000226037	-5.242443e-05	0.14867434	1.1607114	-0.010066596	3.0849984	21.868443	-1.0001818	0.32405114	140.7423	2807.6430377960205
21	1992.4784	280.83765	2863.2302	1692.7994	2225950.8	208609.11	2602065.2	1933303.1	14.38292	1.6960499	17.776777	9.171078	13.117642	1.432976	16.289764	11.7134	288.0	288.0	0.0	0.0	31389.09	0.04755922703598485	630001.0	567.66064	56.191044	854.39624	465.07126	567.65955	56.207184	851.0342	468.03693	5.4251866	0.22202016	6.490489	4.0773034	0.40578318	0.05972346	0.869264	0.2979057	1.0001268	1.0282103	3.635778	-11.428315	-436.89856	75.68318	75.419525	0.0043406314	0.00022156275	-9.323144e-06	0.14281733	1.1539638	-0.03568988	3.079859	21.7581	-1.0001268	0.30034065	140.50844	2948.1628918647766
22	2068.5823	378.32187	2910.9502	1654.2755	2125172.0	291913.2	2926931.8	1857847.0	14.181072	1.8124799	19.775652	10.57092	12.38987	1.133659	14.050767	10.129191	288.0	288.0	0.0	0.0	32868.117	0.047634952445652176	660001.0	567.91156	56.452057	854.6661	467.51694	567.9111	56.46848	852.42316	467.32422	5.412918	0.22422388	6.3884287	4.0698667	0.4054771	0.05992397	0.85894257	0.34646773	1.0001434	1.0385567	4.679497	-12.698262	-439.11783	76.39494	76.15344	0.0043823672	0.0002307768	-3.0913878e-05	0.12691125	1.1357061	0.030913586	3.0667982	21.473877	-1.0001438	0.30498576	140.41296	3088.5646181106567
23	2072.187	359.29675	2916.7153	1709.0812	2162290.2	406862.84	2980752.5	1840887.0	14.289998	1.997615	20.635647	8.848565	13.30701	1.46491	14.757168	9.663698	288.0	288.0	0.0	0.0	34351.977	0.04771107855902778	690001.0	567.3206	56.368267	851.1907	466.2104	567.3198	56.38167	851.2298	467.0305	5.4252143	0.2258107	6.4218493	4.0736265	0.41045204	0.061158173	0.8655765	0.35170776	0.9998774	1.0438696	5.279005	-12.935806	-437.17728	76.16223	75.9511	0.0044252835	0.00023196176	0.00028053598	0.13521196	1.1452063	-0.04299306	3.0746224	21.64302	-0.999878	0.27345276	140.55693	3229.131417274475
24	2077.4602	373.11157	2914.0056	1656.0784	2176832.2	358820.5	2941840.5	1888224.0	14.091798	1.8481231	18.8553	9.190381	13.374776	1.3794475	16.744362	11.500611	288.0	288.0	0.0	0.0	35823.152	0.047764203125	720001.0	567.45746	56.82714	852.9954	468.57303	567.457	56.84298	850.839	467.2416	5.4133415	0.22633578	6.422468	4.028388	0.4071289	0.063109934	1.2616762	0.35101485	0.9998088	1.037169	4.1142406	-12.639459	-436.9182	76.57222	76.29252	0.0043832124	0.00023047253	0.00036024596	0.13440718	1.1443464	0.03482334	3.0800338	21.76132	-0.9998094	0.30207586	140.72194	3369.8647525310516
25	2060.7979	382.14166	2931.0032	1646.7727	1944247.2	137629.1	2204742.8	1787368.9	14.266754	1.9255962	18.491386	9.297093	13.050977	2.3582196	16.891785	8.921631	288.0	288.0	0.0	0.0	37309.855	0.04783314803685897	750001.0	567.4176	56.836758	853.16943	464.47235	567.41595	56.855003	855.95667	466.31418	5.4271474	0.22658923	6.4668255	4.0703807	0.40730545	0.06358922	0.8576432	0.34199196	1.0002509	1.043128	5.246469	-12.338612	-435.93878	76.22481	75.906456	0.0043946863	0.0002302832	-0.00015724244	0.14137566	1.1523254	-0.031893756	3.0848615	21.866167	-1.0002512	0.29221678	140.23172	3510.100281238556
26	2136.251	383.16885	2891.5862	1732.4435	2106158.8	277185.03	2888373.5	1868069.1	14.153971	2.1470482	18.7354	8.816457	15.834612	1.6380996	18.263033	13.701271	288.0	288.0	0.0	0.0	38783.89	0.047881346450617285	780001.0	565.7653	56.512234	850.834	466.3733	565.76404	56.525326	848.4968	465.9491	5.414493	0.22721083	6.4752836	4.063053	0.4085999	0.06341764	0.8239076	0.32099158	1.0000929	1.0450811	5.482454	-12.233854	-435.78073	75.83981	75.59166	0.00442652	0.00023818167	3.2880005e-05	0.14330395	1.1545706	0.023146413	3.0752962	21.65733	-1.0000926	0.29294372	140.23885	3650.330531835556
27	2078.0923	337.26093	2884.589	1681.5392	2192306.8	291425.75	3015786.8	1937684.4	14.253328	1.9136938	19.867165	9.495913	13.824255	1.6183857	16.17505	10.331287	288.0	288.0	0.0	0.0	40269.867	0.04794031808035714	810001.0	566.03876	57.34393	851.7719	466.8143	566.0375	57.360355	850.3493	465.63208	5.41966	0.22671993	6.4556537	4.0930853	0.40916216	0.06040079	0.7906892	0.36614484	0.99995935	1.032949	6.3554606	-13.077581	-436.16394	76.737526	76.501656	0.004350976	0.00022936032	0.00018257603	0.14533922	1.1569889	0.004311925	3.0734687	21.617332	-0.9999598	0.29876447	140.22466	3790.5573914051056
28	2058.781	350.58176	2881.7825	1721.9923	2334702.8	464709.5	3060880.8	1838082.6	14.38986	2.0136287	21.44036	9.921999	14.887715	1.2305524	17.229084	13.160828	288.0	288.0	0.0	0.0	41767.734	0.048008890086206894	840001.0	566.15045	56.814545	852.38745	465.65735	566.15015	56.82936	851.028	464.74588	5.4220033	0.22614655	6.491821	4.0259337	0.40774038	0.058085017	0.79748344	0.33370602	0.9999435	1.0361118	4.1195264	-12.295017	-434.8113	75.8835	75.63535	0.004350212	0.00022754411	0.00020667535	0.15204865	1.1645598	-0.008241093	3.0845156	21.857597	-0.99994415	0.31510615	140.30182	3930.856760263443
29	2062.6082	354.25397	2959.1365	1730.4978	2145859.2	329393.06	3063114.5	1877625.9	14.184768	2.098993	18.107038	8.886335	14.962503	1.6145264	17.179832	12.470488	288.0	288.0	0.0	0.0	43245.992	0.048051102430555555	870001.0	566.12476	56.776867	852.7973	462.0708	566.1237	56.789467	851.31555	465.5654	5.4196057	0.22090968	6.549071	4.11921	0.40749606	0.061459664	0.9569421	0.35053405	0.9998217	1.0372118	3.8510528	-13.826294	-436.40033	76.621605	76.36897	0.004313297	0.00022217396	0.000336542	0.13803764	1.1484234	-0.0057159234	3.0725203	21.597044	-0.9998216	0.3044603	140.12831	4070.9959149360657
30	2115.1523	367.99347	2916.576	1710.5411	2197669.0	422705.62	3108181.2	1837487.8	14.622502	1.9674569	19.68073	9.73477	13.084355	1.581258	15.509253	10.654579	288.0	288.0	0.0	0.0	44768.375	0.048138037634408604	900001.0	566.6077	56.76365	853.7101	463.0633	566.6064	56.77826	850.83923	465.65775	5.421062	0.22242522	6.5858955	4.0880895	0.40612745	0.05722476	0.9002534	0.3434382	1.000386	1.036814	3.269561	-12.953969	-436.7348	76.51978	76.233665	0.004335888	0.00022761722	-0.0003003362	0.12925954	1.1385232	-0.00095096364	3.0736496	21.620996	-1.000387	0.32609153	140.33571	4211.313305854797
31	2008.1113	296.47955	2902.1104	1713.4789	2303902.5	465241.72	3087012.2	1845581.2	14.200825	2.0860546	18.805838	7.968098	11.8540745	1.092333	13.047823	9.306485	288.0	288.0	0.0	0.0	46246.703	0.048173649088541666	930001.0	566.4573	57.154533	853.0871	463.13995	566.4559	57.172188	852.6772	465.78583	5.4358525	0.22115514	6.494809	4.1055036	0.4049123	0.04848601	0.7151848	0.35443974	0.9996501	1.0286427	3.4622471	-13.090346	-435.14575	76.694725	76.39947	0.0042876108	0.00022441256	0.00052591617	0.14672272	1.1586297	-0.07733157	3.0820775	21.806633	-0.99965054	0.28781223	139.9199	4351.237923145294
32	2072.6265	351.60257	2917.4417	1650.6874	2309795.8	455312.44	3108326.2	1847442.1	14.479943	1.8795217	19.413675	9.802415	12.640875	2.1758142	15.574553	8.282763	288.0	288.0	0.0	0.0	47756.92	0.04823931502525253	960001.0	565.3547	57.218834	855.49896	462.1349	565.3539	57.23472	856.83795	462.0189	5.410182	0.21989778	6.5933776	4.1142445	0.40459266	0.05093624	0.78868234	0.35621464	1.0003004	1.0331801	3.758329	-10.852018	-435.3658	76.80354	76.51349	0.004295753	0.00021286675	-0.0002030039	0.13870628	1.1493074	0.05196834	3.0763345	21.681137	-1.000301	0.32383728	139.88707	4491.1153066158295
33	2078.4146	336.96097	2842.446	1709.6532	2310835.5	458529.0	3115418.0	1886518.1	14.38053	2.1345415	19.586584	9.640291	13.452799	2.167292	16.76813	9.256741	288.0	288.0	0.0	0.0	49256.41	0.04829059819240196	990001.0	566.4084	56.883526	858.7339	462.01437	566.4076	56.89797	854.9876	465.2018	5.4287457	0.22129223	6.5430284	4.0846705	0.41041172	0.05150347	0.8391493	0.36227724	1.0002431	1.0319173	3.1461287	-14.515729	-434.92886	75.66013	75.38879	0.00431408	0.00021072784	-0.00015320684	0.14118193	1.152068	-0.059154212	3.084086	21.849566	-1.000243	0.2950306	140.09778	4631.217191696167
34	2060.3857	325.90436	2906.768	1694.1819	2243953.5	458094.0	3059871.2	1871181.4	14.423639	2.3050218	19.713848	9.16175	13.552763	1.4302366	16.07222	12.023196	288.0	288.0	0.0	0.0	50759.594	0.048342470238095236	1020001.0	564.26544	56.348682	852.6949	460.0086	564.265	56.362965	853.27057	463.0691	5.407696	0.21728164	6.555567	4.1139126	0.40475658	0.05090467	0.81909394	0.29057312	0.99966884	1.0281821	3.600194	-11.036393	-432.80066	74.82057	74.52623	0.004273031	0.00020316851	0.0005283054	0.1538323	1.1667591	0.049007032	3.088064	21.935947	-0.9996692	0.26897645	139.67621	4770.901640415192
35	2051.624	333.40115	2886.5322	1662.5144	2187764.5	325973.6	2929395.8	1900725.2	14.32624	1.9211086	18.804844	8.468469	15.741061	1.602743	17.454033	12.587284	288.0	288.0	0.0	0.0	52249.938	0.048379571759259256	1050001.0	563.767	57.021935	851.53516	460.8182	563.7657	57.03612	849.9468	462.3366	5.4186854	0.21942112	6.5598803	4.110904	0.40757674	0.051529754	0.79868937	0.360419	1.0000603	1.0299795	4.2751675	-10.794943	-432.89374	75.80255	75.538666	0.0043103453	0.00021045133	6.502115e-05	0.15242453	1.1651057	-0.0094335545	3.081267	21.78701	-1.0000606	0.30155373	139.75401	4910.664325714111
36	2014.9187	316.05804	2898.3503	1688.6381	2239755.5	332204.75	2999905.2	1906532.6	14.499353	1.7431381	17.852701	9.771242	13.391849	1.3403965	15.402746	10.996833	288.0	288.0	0.0	0.0	53759.17	0.04843168637387387	1080001.0	563.94086	57.179817	852.65955	463.25946	563.93976	57.192524	850.2729	463.38406	5.4227023	0.22006206	6.523696	4.088491	0.4082572	0.05119391	0.88694054	0.36571833	1.0000616	1.0339229	3.366485	-10.731016	-433.89847	76.670685	76.38988	0.0043180413	0.00021363555	5.6556542e-05	0.1434332	1.1547606	-0.020021195	3.0741315	21.632202	-1.0000619	0.29118562	139.63747	5050.305126428604
37	2034.3585	310.1668	2849.8105	1593.8232	2312083.8	375940.3	3069877.8	1909190.6	14.301708	1.9043458	17.783089	9.268832	14.985553	1.6436836	17.239273	12.790886	288.0	288.0	0.0	0.0	55249.086	0.048464110471491226	1110001.0	563.1343	56.840218	850.3707	461.81265	563.13336	56.85415	848.34247	463.8413	5.411884	0.22204699	6.5380588	4.115805	0.4105002	0.050043836	0.82195884	0.3144027	0.99980855	1.0359846	6.9093056	-10.891773	-434.58987	75.45147	75.21962	0.0043473593	0.0002164605	0.0003505769	0.14004268	1.1507341	0.024994	3.0639734	21.413809	-0.9998087	0.29046845	139.56808	5189.858302354813
38	2078.6453	370.1457	2919.26	1720.6582	2067694.4	348447.9	3066162.5	1858053.8	14.113746	1.9831021	18.6327	9.44501	14.136215	1.230467	15.592839	12.025244	288.0	288.0	0.0	0.0	56720.395	0.04847896968482906	1140001.0	562.2351	57.300262	850.57306	461.78525	562.2348	57.31297	851.8724	463.48746	5.4124684	0.22150323	6.473398	4.109016	0.41014948	0.051248886	0.8540016	0.36543074	1.0003219	1.0395187	4.3870897	-10.949694	-433.55017	76.040825	75.77676	0.00433817	0.00021428493	-0.00023751862	0.15030462	1.1626241	0.02113538	3.064912	21.434021	-1.0003221	0.29598808	139.58177	5329.444894790649
39	2038.0015	343.58847	2873.0796	1690.9669	2106625.5	413316.62	2999197.2	1784864.1	14.344132	1.6228997	17.807705	9.053048	11.043895	1.1123462	13.184694	9.769244	288.0	288.0	0.0	0.0	58215.414	0.048512845052083337	1170001.0	563.1399	56.89639	850.3181	463.14905	563.1396	56.905754	850.12115	464.07074	5.4214864	0.22179995	6.469097	4.0722127	0.41297218	0.05643412	0.87006384	0.32846224	0.9999896	1.048051	4.227934	-12.000633	-435.06747	76.14683	75.9154	0.0044101737	0.00022358647	0.00015088802	0.13616347	1.1464666	-0.028506426	3.0584152	21.294558	-0.99999	0.28844857	139.1698	5468.6233086586
40	2129.1985	388.26923	2868.1863	1674.9485	2066935.2	299419.03	2867291.8	1804506.5	14.116981	2.052148	19.360004	9.249642	12.828893	1.4796824	15.170076	10.821209	288.0	288.0	0.0	0.0	59684.8	0.048524228277439026	1200001.0	562.16113	56.56888	846.6315	461.26492	562.1608	56.581196	845.9223	463.55783	5.4087114	0.22227585	6.6225805	4.1120257	0.41131172	0.054607484	0.8179478	0.35391414	1.0001088	1.0464691	5.0241666	-14.163375	-434.96066	74.899734	74.6406	0.0043874714	0.00022096271	2.8275474e-05	0.14545847	1.1569979	0.019648433	3.053702	21.195646	-1.0001092	0.2917378	139.64369	5608.267256975174
