Epoch	AverageEpRet	StdEpRet	MaxEpRet	MinEpRet	AverageTestEpRet	StdTestEpRet	MaxTestEpRet	MinTestEpRet	AverageEpCost	StdEpCost	MaxEpCost	MinEpCost	AverageTestEpCost	StdTestEpCost	MaxTestEpCost	MinTestEpCost	EpLen	TestEpLen	EpGoals	TestEpGoals	CumulativeCost	CostRate	TotalEnvInteracts	AverageQR1Vals	StdQR1Vals	MaxQR1Vals	MinQR1Vals	AverageQR2Vals	StdQR2Vals	MaxQR2Vals	MinQR2Vals	AverageQCVals	StdQCVals	MaxQCVals	MinQCVals	AverageQCVar	StdQCVar	MaxQCVar	MinQCVar	AverageLogPi	StdLogPi	MaxLogPi	MinLogPi	LossPi	LossQR1	LossQR2	LossQC	LossQCVar	LossAlpha	LogAlpha	Alpha	LossBeta	LogBeta	Beta	PiEntropy	TestTime	EpochTime	TotalTime
1	2227.1687	377.53656	3057.3267	1113.4517	2350434.0	385376.4	3128111.0	2089180.0	52.68258	10.9532	88.35239	27.568182	60.143616	12.723999	69.750565	34.041973	288.0	288.0	0.0	0.0	5489.3677	0.09148946126302084	30001.0	311.53012	156.48398	723.31177	-13.002416	311.6026	156.34053	723.393	-13.684988	8.718104	3.8600724	17.183252	0.007107057	2.8910134	1.3939911	22.211256	0.009988489	1.103957	1.6424913	23.171223	-12.201509	-299.11618	47.029938	47.523636	0.08353065	0.0037893406	-0.07194561	-0.14431989	0.8692423	-5.2059627	-0.023461329	1.0992477	-1.1039567	0.32221246	278.9704	279.42860102653503
2	2245.5854	329.31393	3073.3171	1797.0481	2211768.5	254389.22	2961368.2	2045870.5	47.92096	9.1927805	59.87808	24.53097	53.68512	5.5833063	57.260754	37.1828	288.0	288.0	0.0	0.0	10479.584	0.11643982204861111	60001.0	588.0837	59.351418	871.01074	425.55273	588.0837	59.34946	873.3658	425.83304	15.298002	1.6511104	19.254324	6.1949797	5.447783	2.961524	30.346863	3.3742087	0.99945927	1.2472631	9.601526	-12.388029	-529.0481	62.701035	62.852547	0.06218368	0.005190958	0.00068438164	-0.13642439	0.8732204	-36.021763	1.2680377	3.6554124	-0.999459	0.3049369	280.4687	559.9414255619049
3	2279.2998	365.20862	3068.138	1861.2399	2230180.0	284520.38	3046021.5	2001939.9	38.461815	7.753242	52.656445	21.69571	26.652903	2.9399934	29.51819	18.483248	288.0	288.0	0.0	0.0	14480.953	0.120674609375	90001.0	643.0201	53.049896	896.44696	536.94324	643.0203	53.042973	897.0746	536.70953	14.990374	1.3951728	18.26238	7.4494123	3.7241712	3.298347	29.254602	1.9185821	1.0007715	1.1933824	11.47633	-12.583759	-540.9072	69.80061	70.066185	0.03571638	0.0043536355	-0.00054820545	-0.093490936	0.9117976	-61.101513	1.8816997	6.6208444	-1.0007712	5.1666	285.28934	845.2570972442627
4	2183.86	362.82217	3093.8398	1765.3417	2420701.2	320225.4	3066482.2	2053682.0	29.387535	5.250807	43.153095	17.120491	24.549389	3.6902637	30.080778	17.633404	288.0	288.0	0.0	0.0	17531.14	0.11687427083333334	120001.0	635.6211	54.760403	897.9214	526.6424	635.62006	54.762444	898.82025	523.215	12.181444	1.2302725	15.724716	6.627979	1.9412152	2.126831	18.743599	0.9324613	1.00023	1.1072241	5.0904193	-11.037321	-516.15	74.546326	74.80542	0.018413264	0.0030456935	-6.483619e-05	-0.008365022	0.99208134	-60.451286	2.25582	9.581219	-1.0002302	0.31345177	305.62134	1150.8742852210999
5	2190.9321	369.78134	2973.6404	1753.2339	2124312.0	108479.46	2286421.0	1976527.0	23.049162	4.048425	32.417793	15.303501	22.251165	1.4841654	24.338469	18.564646	288.0	288.0	0.0	0.0	19934.41	0.11074672309027778	150001.0	619.67487	56.58251	888.3746	508.27594	619.6738	56.584255	887.6161	509.15192	9.734602	0.8990301	12.178705	5.24834	1.1563069	1.1234918	10.280299	0.5792782	1.0003985	1.0738462	4.5858126	-11.248198	-494.70053	79.159195	79.35697	0.011857843	0.0017428162	-0.00020448813	0.03470287	1.0358473	-48.0967	2.5258875	12.530956	-1.0003989	0.2994616	310.12018	1460.986998796463
6	2100.3706	339.74146	2924.5264	1697.5822	2180409.2	377735.12	2992798.5	1882938.5	19.95299	3.2275827	31.278406	12.49265	16.110205	1.4135051	18.249561	13.450132	288.0	288.0	0.0	0.0	22011.488	0.10481661086309524	180001.0	601.2168	58.267345	878.0203	489.36377	601.2167	58.25714	876.85254	489.25583	7.9997582	0.6547993	10.115898	4.893133	0.770227	0.5001144	5.309457	0.5563655	1.0000625	1.0443335	5.0723295	-12.86816	-474.3264	83.59215	83.86927	0.0077679525	0.0008043588	0.00010511338	0.05041449	1.052122	-32.32406	2.7373786	15.469576	-1.0000626	0.30973077	308.8992	1769.9414701461792
7	2087.2092	370.5387	2892.0183	1674.9211	2081448.0	229346.88	2664513.0	1870422.1	16.321898	2.225281	21.777739	10.600838	13.847137	1.3912951	16.076036	11.643258	288.0	288.0	0.0	0.0	23711.857	0.09879940592447917	210001.0	581.6922	59.993233	864.8538	470.7282	581.6928	59.985405	864.69196	470.44174	6.7034597	0.49505305	8.380472	4.481201	0.61614907	0.2654637	2.8566992	0.48874706	1.000319	1.0372587	5.0546517	-13.443374	-455.15292	86.220535	86.57816	0.006379359	0.0004902953	-0.00019785139	0.09414405	1.0990722	-14.737615	2.909665	18.369268	-1.0003188	0.30569172	301.07993	2070.975155353546
8	2084.7295	372.7985	2904.3247	1647.9491	2293614.0	425483.66	2872822.0	1772253.0	15.428279	2.2001815	20.695818	10.207721	12.048393	1.6339427	15.635619	8.962982	288.0	288.0	0.0	0.0	25317.307	0.09376780237268519	240001.0	567.9522	61.458405	858.89294	461.74722	567.95135	61.45607	858.977	461.8925	5.903256	0.34393942	7.2674093	4.2418647	0.52899563	0.121455	1.6994141	0.40999913	1.0000632	1.0371805	12.435314	-11.782833	-443.815	89.65329	89.99649	0.0054466105	0.0002777666	4.8767422e-05	0.114465185	1.1215893	-1.3594582	3.0153685	20.39991	-1.0000632	0.29266357	278.48212	2349.4679882526398
9	2068.9148	351.07852	2905.2876	1634.6921	2188287.2	373219.16	2966620.5	1946520.4	15.913702	2.2505815	22.088804	11.10048	20.572136	1.2705188	22.537	18.556631	288.0	288.0	0.0	0.0	26976.049	0.08992016276041667	270001.0	568.8395	61.92534	871.0602	457.89	568.83966	61.921124	872.3042	459.49448	5.834129	0.31114858	7.084835	4.2236223	0.5095764	0.08849609	1.1223564	0.46057025	1.0000173	1.0342518	4.4661493	-10.644779	-452.66376	88.7419	89.14607	0.005436645	0.00026336653	9.087982e-05	0.089864306	1.094362	-0.018327031	2.9596043	19.292568	-1.0000166	0.33760428	279.87836	2629.3324546813965
10	2028.9956	339.07028	2937.9333	1683.1199	2123377.5	289207.0	2962925.8	1939970.8	16.03786	2.2328434	21.76847	11.230838	14.990305	1.6647667	18.009378	12.444033	288.0	288.0	0.0	0.0	28646.242	0.08680679450757575	300001.0	571.1692	62.635498	878.2862	460.00266	571.16907	62.630215	878.7573	464.6161	5.830331	0.29443976	7.4342294	4.313027	0.50102305	0.077353336	1.0804754	0.44126102	1.0000373	1.0326452	4.576928	-11.981632	-452.0246	89.01111	89.46777	0.0052428013	0.00023291796	8.893217e-05	0.08586034	1.0901554	0.038617738	2.9856515	19.800661	-1.0000368	0.30384016	280.04202	2909.3761217594147
11	2067.3464	351.05328	2867.234	1677.6226	2070002.6	300710.47	2941222.2	1879392.9	15.672438	2.0936823	20.26453	10.287298	18.105923	1.3564463	20.08396	16.537796	288.0	288.0	0.0	0.0	30280.715	0.08411309678819444	330001.0	572.5939	62.13148	882.3563	463.28738	572.59393	62.125984	885.34143	468.5664	5.8445463	0.2884902	7.5193114	4.302667	0.48463172	0.07541409	1.0631905	0.44536126	1.0001388	1.0415744	4.17025	-14.081295	-456.92566	87.38605	87.906845	0.005112868	0.00024067871	-2.7793822e-05	0.09284806	1.0976883	-0.07174417	2.9530654	19.166954	-1.0001392	0.3137803	281.00357	3190.3860902786255
12	2137.6953	373.5437	2934.1675	1722.8927	2382965.2	518555.03	3099935.0	1735590.9	15.524791	2.2684748	21.341722	10.421841	11.964893	1.8501683	14.787479	8.994469	288.0	288.0	0.0	0.0	31896.645	0.08178626802884616	360001.0	571.6843	61.31939	873.3012	465.49396	571.6843	61.31155	871.81757	468.2053	5.8387237	0.2929719	7.1158266	4.299923	0.47948375	0.08837324	1.071499	0.4379533	1.0002147	1.0372205	3.6677551	-13.890582	-454.9558	84.85711	85.35508	0.005092073	0.00025643627	-0.00010948155	0.11642245	1.1238132	0.014240558	2.9630997	19.358492	-1.0002141	0.31798434	280.59943	3470.977702140808
13	2062.7654	335.6254	2971.6587	1687.1083	2108491.5	367703.22	2865252.5	1868549.5	15.751062	2.3025692	21.684074	10.736524	13.897469	1.6115167	16.098436	10.596413	288.0	288.0	0.0	0.0	33536.125	0.07984791666666667	390001.0	573.0772	61.295506	872.1693	455.4484	573.0767	61.287914	872.2457	470.0823	5.8308115	0.28629938	7.4305663	4.3152404	0.4776332	0.08394442	1.0552274	0.42580193	0.99981827	1.0461575	3.4777865	-12.260587	-457.7713	85.08627	85.589806	0.005059913	0.00024822215	0.00033831317	0.1192205	1.1268479	0.04490348	2.9517703	19.140638	-0.99981886	0.2983718	279.99197	3750.9726645946503
14	2027.4648	326.94803	2907.886	1742.8062	2044858.6	275272.84	2727209.8	1826250.6	15.902943	2.1531878	20.864702	10.106855	11.143925	1.1627641	13.571184	9.294733	288.0	288.0	0.0	0.0	35192.418	0.07820537326388889	420001.0	574.6049	60.69168	874.47095	466.35153	574.60516	60.68134	874.23737	468.9852	5.8363104	0.28213155	7.30511	4.327713	0.47960585	0.080002114	1.0229639	0.44153944	0.99988616	1.0453515	3.890389	-13.645255	-459.52136	83.80432	84.33127	0.0050138775	0.00024000213	0.00024897244	0.1157877	1.123058	-0.0059964615	2.9487073	19.081598	-0.99988693	0.31013107	279.71436	4030.685149669647
15	2113.6394	363.52423	2904.847	1660.7544	2217475.5	333662.72	3061478.2	1945851.8	15.685431	2.1554348	20.800156	11.191302	17.179413	2.1392057	20.717722	12.468892	288.0	288.0	0.0	0.0	36827.703	0.07672438151041666	450001.0	575.1331	59.91411	873.81683	473.81308	575.1332	59.903954	875.8341	473.9399	5.832648	0.28369102	7.5183063	4.2799664	0.47951263	0.083078936	1.1028075	0.4408385	1.0003142	1.05014	8.000235	-11.444994	-461.05893	82.45492	83.00403	0.0050522746	0.00025070913	-0.00021597577	0.1149359	1.1222374	-0.0145927295	2.9400985	18.919151	-1.0003136	0.30004334	279.60098	4310.283152580261
16	2142.8936	404.28732	2912.9783	1731.5813	2184808.2	281685.28	2952092.5	1925818.1	15.81628	2.1556375	21.474806	11.134348	16.789938	1.2945077	18.602438	14.29841	288.0	288.0	0.0	0.0	38474.21	0.07543962928921569	480001.0	575.36975	58.920433	870.69727	466.62656	575.3701	58.906853	872.0244	474.03674	5.834959	0.28284597	7.3754888	4.2486067	0.48063177	0.08821166	1.106836	0.4372586	0.9999736	1.0505863	3.862092	-10.925849	-462.272	81.2177	81.75371	0.005087648	0.00025998248	0.00015508635	0.12500644	1.1334897	-0.020647489	2.9306984	18.741346	-0.9999737	0.2888806	279.76926	4590.061509609222
17	2078.2393	351.70312	2890.7644	1706.1287	2221522.5	444750.3	3040915.2	1821729.8	15.802599	2.3858776	21.637299	9.709711	13.804532	2.3703847	17.494947	10.5537615	288.0	288.0	0.0	0.0	40119.668	0.0742956814236111	510001.0	575.4273	58.97831	867.8818	469.86154	575.4279	58.967457	868.83344	473.9395	5.8306556	0.2848344	7.723808	4.2499013	0.48062393	0.090438016	1.0913174	0.43887314	0.9999056	1.0503569	3.7587671	-12.741147	-461.79593	81.31075	81.85359	0.0050754435	0.0002672981	0.0002262796	0.12487566	1.1332469	0.018441414	2.935992	18.840935	-0.99990493	0.30697036	279.8467	4869.915426015854
18	2052.326	333.7448	2885.0718	1719.0984	2183648.5	461622.56	3093401.5	1854484.4	15.869661	2.1327443	21.365246	11.209847	13.057167	1.9332707	16.109205	10.612868	288.0	288.0	0.0	0.0	41774.273	0.07328819901315789	540001.0	576.3848	58.126343	864.5742	473.0921	576.3854	58.109596	865.4078	474.42596	5.835793	0.28277612	7.6055155	4.250937	0.48150712	0.0939714	1.1664963	0.4389124	0.99989426	1.0474497	3.576857	-11.095334	-462.74277	80.24617	80.783134	0.0050815064	0.0002694896	0.00025289066	0.12163026	1.1296816	-0.025471663	2.934956	18.821522	-0.9998946	0.30180383	279.6748	5149.577401399612
19	2041.8339	322.67465	2947.8596	1706.6292	2336339.2	410380.75	3080217.5	1934768.9	16.195496	2.3157575	21.244463	10.194936	13.692841	1.1490076	15.346441	11.730953	288.0	288.0	0.0	0.0	43460.188	0.07243364583333334	570001.0	575.8211	57.94172	866.08	469.41595	575.82153	57.930634	867.6418	472.83487	5.8302016	0.28375226	7.2650824	4.2077	0.48012856	0.09429644	1.128635	0.4384869	1.0002551	1.0435112	3.7531343	-12.590672	-462.33987	79.72011	80.19715	0.005052098	0.0002737441	-0.00014895272	0.12742391	1.1361512	0.015725764	2.934225	18.807526	-1.0002552	0.34125948	279.758	5429.331634044647
20	2060.0046	336.99722	2975.9106	1740.0249	2191719.5	380208.6	2921898.0	1848381.6	15.817229	2.286456	21.83814	11.188104	15.88851	1.4805795	17.808256	12.936875	288.0	288.0	0.0	0.0	45108.004	0.07160000620039683	600001.0	575.6543	57.492184	860.8191	472.89185	575.6549	57.477993	861.5927	472.37915	5.8452983	0.28130516	7.116022	4.2549167	0.47880042	0.09804051	1.1733766	0.43417564	1.0001423	1.045876	4.328042	-11.231499	-458.95343	79.65588	80.11765	0.0050631524	0.00027962957	-3.807311e-05	0.120436944	1.1282688	-0.10190253	2.9598026	19.29758	-1.0001428	0.32126236	280.05756	5709.396548271179
21	2062.9663	330.45023	2911.3499	1610.0332	2391492.5	349470.78	2994697.2	1970871.2	15.779136	2.2731974	22.27435	10.813186	14.939342	2.0000331	18.966547	11.736364	288.0	288.0	0.0	0.0	46752.066	0.07083646425189394	630001.0	573.87744	57.518353	858.79584	461.4228	573.8785	57.506245	860.1321	471.00116	5.8302875	0.28169695	7.2432323	4.2190294	0.47210306	0.09674748	1.1732539	0.4306217	0.9999805	1.0378442	4.574115	-11.370262	-456.3946	79.06195	79.527435	0.004982422	0.00027578473	0.00015676764	0.12305453	1.1313818	0.023285968	2.969225	19.476967	-0.99998033	0.28304315	279.58463	5988.994347333908
22	2073.0942	323.309	2941.412	1728.4491	2272443.0	317751.56	2908819.0	1992097.6	15.8899555	2.2780046	20.928015	10.65343	15.690916	2.0133219	18.03509	11.528924	288.0	288.0	0.0	0.0	48408.703	0.07015754076086957	660001.0	574.2252	57.431267	862.67926	474.3069	574.2261	57.4172	860.86993	466.9855	5.8357387	0.28000873	7.24518	4.2384295	0.46834618	0.09904245	1.1653233	0.42635918	0.999908	1.0361723	4.0838614	-11.631186	-458.66718	79.27757	79.69998	0.0049739885	0.00027631782	0.00023494329	0.11328005	1.1202772	-0.022469066	2.9516664	19.138538	-0.99990785	0.3066368	279.417	6268.399209022522
23	2165.2358	387.2774	2974.8315	1691.344	2169958.0	325794.6	3061054.5	1894491.0	15.681966	2.1008005	22.266344	11.138166	15.360944	1.2233026	16.848316	13.664582	288.0	288.0	0.0	0.0	50039.16	0.06949883355034722	690001.0	573.9597	57.106663	857.4656	473.24277	573.9602	57.092976	857.424	463.14725	5.8382177	0.28117278	7.056546	4.194719	0.4715176	0.10386058	1.2212499	0.42989707	1.0003417	1.0353553	4.2128453	-12.180389	-456.08264	78.81687	79.26213	0.004986555	0.00028424422	-0.00024979367	0.12173129	1.129719	-0.02895448	2.9711795	19.515308	-1.0003409	0.30804348	279.59293	6547.992762565613
24	2079.4426	348.01907	2920.4634	1702.8452	2386205.5	470462.9	3081415.5	1827509.9	15.76095	2.019575	20.814764	11.358449	12.876242	1.4580733	15.037625	10.486217	288.0	288.0	0.0	0.0	51683.008	0.06891067708333333	720001.0	574.0195	57.18472	862.0466	471.3399	574.0195	57.172585	862.5647	464.17365	5.8316894	0.27469283	7.171721	4.2007008	0.46768737	0.10006954	1.2960135	0.427551	0.99998385	1.0354463	4.017761	-13.331791	-456.10007	79.32252	79.79504	0.004937545	0.00027444775	0.00014182895	0.12264245	1.1308264	-0.0001694659	2.9725044	19.541407	-0.9999834	0.29620624	281.07565	6829.075220346451
25	2149.49	405.1913	2951.163	1688.7673	2361078.8	470692.72	3128893.0	1923612.2	15.853684	2.432919	21.08314	9.690097	14.209799	1.5517925	15.760805	10.680877	288.0	288.0	0.0	0.0	53334.18	0.06837715344551282	750001.0	573.44696	56.287342	855.7562	470.6085	573.4479	56.27226	855.9879	473.3626	5.820282	0.26972604	7.5371556	4.2786245	0.46412483	0.09814496	1.1558956	0.425249	1.0001124	1.0295215	3.790794	-11.787843	-455.42133	77.9804	78.43745	0.004892273	0.0002595185	-5.4502966e-06	0.13400646	1.1437541	0.051922403	2.9751844	19.595428	-1.0001125	0.31064987	276.322	7105.394558429718
26	2092.4114	333.14178	2949.159	1734.1788	2385698.8	428682.47	3126523.2	1919910.2	16.102491	2.271468	20.36111	10.301285	16.61475	1.3499271	18.50251	13.989625	288.0	288.0	0.0	0.0	55011.305	0.06791519097222222	780001.0	574.7517	57.12576	862.0959	467.86728	574.752	57.11315	860.5096	474.35886	5.836591	0.27387327	7.196943	4.2681484	0.4605754	0.09693663	1.1325698	0.42076075	0.9997671	1.0277802	3.807519	-13.480216	-456.4098	78.936935	79.38984	0.0048672506	0.00027092517	0.00037682444	0.1174661	1.124974	-0.054463327	2.9753938	19.598425	-0.99976784	0.30565715	274.31604	7379.722700357437
27	2129.288	390.27774	2949.9285	1741.707	2252879.5	386192.06	3002619.0	1852034.5	15.545922	2.237853	21.485079	10.4382	14.227351	1.4655902	16.355764	11.168017	288.0	288.0	0.0	0.0	56630.82	0.06741764322916667	810001.0	575.7721	57.43722	861.2959	475.04572	575.77167	57.427765	862.0231	473.87445	5.8367624	0.27443275	7.1657166	4.2662454	0.46099573	0.09601282	1.1378456	0.4207353	1.0001136	1.0295542	3.9469757	-12.726538	-458.52716	79.4046	79.85231	0.004912338	0.0002735006	-1.5128771e-06	0.10401641	1.1099057	-0.06287339	2.9658165	19.41276	-1.0001135	0.29256725	277.05893	7656.7866995334625
28	2112.5693	367.13324	2923.9497	1751.321	2020224.0	202212.92	2580412.2	1846170.4	15.232483	2.2430947	20.867357	10.633632	14.241763	1.6588886	16.029587	11.623616	288.0	288.0	0.0	0.0	58217.07	0.0669161727729885	840001.0	576.1519	57.737766	862.97534	467.12872	576.15247	57.72533	863.0129	473.0158	5.829865	0.28016022	7.315785	4.1933427	0.46379498	0.098253846	1.2028605	0.42306048	1.0000834	1.0306023	5.503063	-12.896916	-458.8	79.520164	79.98816	0.004956044	0.00028483992	2.2745036e-05	0.10994993	1.1165396	-0.025407985	2.9678297	19.45146	-1.0000838	0.28119516	278.68808	7935.43498134613
29	2118.3765	391.49802	2902.6409	1698.3091	2190780.5	381245.0	3034401.2	1858700.1	15.646348	2.3860197	20.837624	10.213997	15.576521	2.014342	18.575348	12.193804	288.0	288.0	0.0	0.0	59849.12	0.0664990234375	870001.0	577.11896	57.843845	864.5613	470.2821	577.1196	57.8314	864.62946	473.89246	5.826595	0.2766486	7.10019	4.235855	0.46393636	0.10330563	1.1647315	0.419107	1.0000132	1.0310876	4.0163245	-13.954261	-459.79095	80.02414	80.52906	0.004959584	0.00028706196	9.879206e-05	0.10613978	1.1122717	0.021174097	2.9682195	19.457396	-1.0000135	0.32318258	279.86975	8215.344101905823
30	2075.6848	361.75583	2956.4944	1656.7845	2417462.5	464350.94	3086453.5	1967000.8	15.973601	2.1108775	20.831507	11.096225	14.169619	1.1351441	15.525946	11.248832	288.0	288.0	0.0	0.0	61511.85	0.06614177587365591	900001.0	577.05566	57.49375	864.21423	468.88895	577.0563	57.480423	866.25574	474.66144	5.833706	0.2778799	7.174129	4.25103	0.4682636	0.100484975	1.6326449	0.41856062	1.0000547	1.0266494	3.7842674	-12.48896	-459.1024	79.330574	79.855515	0.0049735974	0.000285469	5.3020558e-05	0.10696117	1.1132046	-0.0323443	2.972187	19.535288	-1.0000557	0.28957248	279.23203	8494.597602367401
31	2104.4487	364.05014	2937.3362	1709.6364	2195496.8	294551.28	3004123.5	1871258.4	15.856429	2.3396783	21.11754	9.581333	15.719462	1.4520801	18.148712	13.711156	288.0	288.0	0.0	0.0	63163.242	0.0657950439453125	930001.0	577.21716	57.96519	864.0035	475.4281	577.2178	57.950348	866.08545	475.132	5.8254848	0.27934062	7.55513	4.2503524	0.46761224	0.09719724	1.178289	0.41724306	1.0002167	1.0316935	4.218435	-13.069068	-460.2522	79.314415	79.866264	0.0049690013	0.00028320748	-0.00012859803	0.10523422	1.1112471	0.026165232	2.9650261	19.395758	-1.0002167	0.27998686	275.49295	8770.061837911606
32	2106.9648	365.6166	2958.3335	1715.8859	2350123.2	520481.97	3106615.2	1836653.0	15.440878	2.16364	21.96193	10.895647	13.683447	1.6520047	16.365175	9.830647	288.0	288.0	0.0	0.0	64772.215	0.06542647964015151	960001.0	577.6362	58.024803	863.2322	473.47595	577.637	58.011135	864.55927	475.38535	5.8312283	0.27941284	7.2162724	4.245709	0.47203436	0.09560551	1.3060896	0.42353272	0.99994195	1.0340227	4.1389155	-12.052067	-461.1378	80.14243	80.69055	0.0050235335	0.00028776593	0.00017697996	0.101059586	1.1066033	-0.035768762	2.9598289	19.294939	-0.9999424	0.2997713	275.62286	9045.674637317657
33	2083.3752	349.35318	2944.5632	1620.1749	2245938.0	436545.2	2914530.5	1799394.2	15.784703	2.1152222	22.114725	9.200286	13.762692	1.9082702	17.43751	11.647948	288.0	288.0	0.0	0.0	66416.2	0.06511392463235294	990001.0	576.29364	58.299644	864.84625	472.84988	576.2947	58.286907	864.2823	474.49863	5.825288	0.27969232	7.135428	4.2340293	0.4713636	0.095999815	1.1964679	0.41795596	1.0000329	1.0306381	4.7200465	-14.824127	-458.1995	80.122375	80.66848	0.0049761618	0.00028591935	8.036025e-05	0.112291865	1.1191124	-0.0045256303	2.9744084	19.579388	-1.0000328	0.29901695	277.81198	9323.517762422562
34	2055.1233	335.4857	2951.4824	1754.0651	2235712.8	279313.88	2732893.2	1966854.5	15.790727	2.0072548	21.65639	10.195598	15.26185	2.3573394	17.588375	11.293745	288.0	288.0	0.0	0.0	68061.52	0.06482049851190476	1020001.0	575.4799	58.0213	863.6639	474.6893	575.4803	58.007523	863.7525	472.80313	5.828307	0.2794303	7.077822	4.2281685	0.47174123	0.09892598	1.1781971	0.4214452	1.0001802	1.0343618	3.7724764	-10.403555	-457.3827	79.64145	80.18195	0.0050053922	0.00029004825	-9.907505e-05	0.104993254	1.110919	-0.005599062	2.9738352	19.566988	-1.0001802	0.30029416	278.0089	9601.496854305267
