Epoch	AverageEpRet	StdEpRet	MaxEpRet	MinEpRet	AverageTestEpRet	StdTestEpRet	MaxTestEpRet	MinTestEpRet	AverageEpCost	StdEpCost	MaxEpCost	MinEpCost	AverageTestEpCost	StdTestEpCost	MaxTestEpCost	MinTestEpCost	EpLen	TestEpLen	EpGoals	TestEpGoals	CumulativeCost	CostRate	TotalEnvInteracts	AverageQR1Vals	StdQR1Vals	MaxQR1Vals	MinQR1Vals	AverageQR2Vals	StdQR2Vals	MaxQR2Vals	MinQR2Vals	AverageQCVals	StdQCVals	MaxQCVals	MinQCVals	AverageQCVar	StdQCVar	MaxQCVar	MinQCVar	AverageLogPi	StdLogPi	MaxLogPi	MinLogPi	LossPi	LossQR1	LossQR2	LossQC	LossQCVar	LossAlpha	LogAlpha	Alpha	LossBeta	LogBeta	Beta	PiEntropy	TestTime	EpochTime	TotalTime
1	2172.0615	333.1286	3058.539	965.92993	2436384.5	430437.4	3130777.2	2082987.1	50.277473	8.455192	67.27938	28.26393	42.630836	5.9719677	49.28746	33.321873	288.0	288.0	0.0	0.0	5237.1167	0.0872852783203125	30001.0	310.44373	154.61528	703.2275	-10.641526	310.64096	154.22362	702.3576	-11.247688	9.15363	3.5291457	16.188768	0.004170627	3.0847502	0.62178594	20.492535	0.02653422	1.014853	1.418189	18.947166	-13.375008	-285.3484	46.148026	47.22953	0.034250278	0.0029680773	-0.010918901	-0.19350186	0.8298074	-13.601718	0.49184668	1.8089294	-1.014853	0.3208723	297.75604	298.2310302257538
2	2207.2466	266.35696	3019.7405	1887.9669	2280669.2	282108.78	3084703.5	2053245.5	44.041813	6.2489676	53.04871	25.907202	42.747017	6.594698	49.378242	31.656212	288.0	288.0	0.0	0.0	9819.786	0.10910873480902777	60001.0	578.8737	54.487514	842.9984	416.71368	578.8748	54.481373	841.33844	417.98795	14.491199	0.958534	17.45943	7.8255563	2.3689125	1.0307696	11.302712	1.4549601	0.9997439	1.2597022	5.939066	-13.306947	-497.7344	57.093525	56.987923	0.024685169	0.0018831568	0.00040633837	-0.19777927	0.8213008	-52.11876	1.5227226	4.6655645	-0.9997438	0.31338906	302.0699	600.3506548404694
3	2250.4727	364.5952	3057.7366	1804.5011	2346121.8	388486.72	3158852.5	2005331.8	33.70396	5.700116	46.13935	23.030107	25.92101	2.7183187	29.617336	20.911703	288.0	288.0	0.0	0.0	13328.448	0.11107040201822917	90001.0	634.3629	44.71191	867.80426	525.0778	634.3633	44.7104	867.2906	523.7907	13.502538	1.0131334	16.554096	8.288614	1.4618381	1.2293112	11.360039	0.87627363	1.0005717	1.1575415	4.213662	-13.3121	-515.41864	61.425117	61.326336	0.015080773	0.0019285172	-0.00034908814	-0.17206894	0.842504	-71.90002	2.026974	7.6394644	-1.0005718	0.32751846	310.03397	910.4797785282135
4	2172.8774	337.10562	3027.0774	1753.8348	2324826.5	301687.6	3132427.5	2033438.4	26.919792	3.6571476	36.882366	19.049469	24.065458	2.1423843	26.829836	20.165907	288.0	288.0	0.0	0.0	16129.156	0.10752770833333333	120001.0	636.0283	47.376358	873.4842	529.8697	636.0286	47.37963	875.7669	530.31696	10.895122	0.86901903	13.617745	7.031532	0.93308836	0.7702949	8.682408	0.6591603	1.0002098	1.0971537	3.9969306	-11.314472	-502.89908	67.12585	67.04068	0.009161037	0.0012118833	2.4518968e-06	-0.08102329	0.92264646	-68.14009	2.3576365	10.600471	-1.0002093	0.30514288	323.87158	1234.3234643936157
5	2125.969	354.1304	3013.0754	1759.0317	2175296.5	173562.19	2602864.8	1992519.5	21.88853	2.3944688	26.851622	15.521548	18.095606	2.4325945	20.951178	13.304501	288.0	288.0	0.0	0.0	18404.156	0.1022453125	150001.0	623.6028	48.007866	873.6255	511.40198	623.60205	48.019745	874.94904	511.98856	8.833688	0.5858084	10.773898	5.9164176	0.67303765	0.3439608	4.427757	0.5376393	1.0011342	1.0699445	4.188177	-12.062355	-484.23843	68.33972	68.21727	0.0059763426	0.00044480595	-0.00091636274	-0.017847762	0.9833608	-56.494053	2.6048498	13.556104	-1.0011345	0.31506085	322.52	1556.8618109226227
6	2117.8772	364.16724	2913.5613	1723.2623	2125598.8	330215.94	3005079.0	1853196.2	18.372896	2.5891376	26.821861	12.442265	11.2678585	2.232387	17.18696	9.475107	288.0	288.0	0.0	0.0	20319.83	0.09676109561011904	180001.0	600.4434	48.26064	856.23224	489.21204	600.4427	48.269283	857.1992	486.80826	7.4053597	0.4712633	9.032158	4.7726517	0.581488	0.269253	3.1433597	0.49233776	0.99978185	1.0649562	3.487228	-12.801629	-455.78897	68.27134	68.14883	0.005717686	0.00042902146	0.00041930308	0.075735025	1.079024	-43.846096	2.802706	16.511269	-0.9997819	0.3161204	326.38596	1883.2389950752258
7	2007.288	340.09872	2909.9543	1594.8978	2168087.5	414142.94	3016869.8	1842732.1	15.324855	2.4446993	21.246962	10.525046	15.008623	1.6959991	18.587664	12.040004	288.0	288.0	0.0	0.0	21916.326	0.09131802571614583	210001.0	578.4802	49.0716	835.0031	471.24512	578.4796	49.08215	837.6014	469.37842	6.3280754	0.3802816	7.8780727	4.4997826	0.55605495	0.21762972	2.8230798	0.4775899	1.0006168	1.0626485	3.387722	-13.22665	-429.5164	71.07169	70.929565	0.005374631	0.00029220674	-0.00047753533	0.10453912	1.1105427	-30.311646	2.9672768	19.45739	-1.0006164	0.3006811	326.87085	2210.10032248497
8	2035.496	390.42017	2864.9338	1649.9368	1964886.8	210680.75	2509468.8	1733834.6	13.251179	1.9871099	19.00141	8.211925	9.910148	1.1463916	11.768049	8.265733	288.0	288.0	0.0	0.0	23295.13	0.08627826244212963	240001.0	558.6274	50.030945	819.57935	443.39694	558.62665	50.036034	819.83466	450.7397	5.5380306	0.28882778	6.8077097	4.1704307	0.48863834	0.09048161	1.4856308	0.40390852	0.99992967	1.0560395	3.2174735	-12.024064	-406.70132	72.52517	72.41619	0.004703417	0.0001546532	0.0002575298	0.12125024	1.1293588	-15.649423	3.1072428	22.374912	-0.9999304	0.2941506	326.99387	2537.1437373161316
9	1967.8594	331.52078	2844.3591	1611.7203	2007642.0	333607.34	2705079.5	1770094.1	11.537279	1.7237709	15.847302	7.149652	9.105053	1.0402404	11.629277	7.734978	288.0	288.0	0.0	0.0	24497.973	0.08165990885416667	270001.0	542.3067	50.685688	803.9126	437.352	542.3067	50.68592	808.5064	439.09332	5.047883	0.22501546	6.0861406	3.9298806	0.42348477	0.041004427	0.8329492	0.36484417	1.0005996	1.0456926	3.1210036	-11.107494	-385.7901	73.231026	73.14303	0.0041687028	0.00011925415	-0.0005117647	0.16754465	1.1827369	-3.840307	3.2254143	25.175198	-1.0005997	0.30971122	318.85278	2856.008131504059
10	1937.3591	331.31882	2813.0322	1534.1239	2102049.5	399669.38	2881870.0	1765807.2	11.318623	1.7115809	15.543375	7.4281044	8.514968	0.96771574	9.924862	6.9113436	288.0	288.0	0.0	0.0	25675.264	0.07780382930871212	300001.0	532.6616	51.87248	798.962	433.21448	532.6616	51.871746	799.7836	430.7834	4.8299074	0.1872022	6.030005	3.7925787	0.38132453	0.022583596	0.5585162	0.34548005	1.0000833	1.0432024	3.7367287	-12.011231	-376.0375	74.944984	74.83773	0.0039285626	0.00011300292	7.6079006e-05	0.1700631	1.1857405	-0.0041473955	3.2710745	26.341076	-1.0000825	0.3032856	323.37473	3179.301245689392
11	1957.7522	334.71423	2788.486	1625.1603	2057115.0	345154.34	2870361.8	1727009.2	11.262911	1.8468533	17.134472	6.414665	9.947432	1.2956358	12.077081	8.425516	288.0	288.0	0.0	0.0	26850.906	0.07458585069444444	330001.0	531.3879	52.20528	803.14825	428.75143	531.3888	52.19894	805.01794	428.92908	4.833882	0.18450883	5.968577	3.8471384	0.375092	0.02332698	0.55016977	0.3419498	1.0000305	1.0413404	3.3645887	-14.087765	-375.99606	75.15171	75.08	0.0038848743	0.00011797717	0.00012422974	0.1626722	1.1769223	0.003429973	3.2635245	26.141895	-1.0000303	0.31023812	325.1156	3504.443882226944
12	2033.1915	359.86343	2769.861	1610.2438	1851128.6	115204.18	2099395.8	1688716.5	11.380595	1.6208988	14.680266	7.359525	8.92439	0.8821258	10.476121	7.767487	288.0	288.0	0.0	0.0	28034.951	0.07188449018429487	360001.0	533.7891	52.873127	807.8917	434.62646	533.7896	52.867287	813.8593	433.20444	4.841151	0.18398675	6.0620656	3.7678235	0.37018573	0.022650534	0.55432504	0.34116265	0.9997797	1.0356277	3.6005516	-14.379896	-382.68533	75.33903	75.32783	0.0038451278	0.00011846598	0.00042004453	0.1591502	1.1728964	-0.010383434	3.2350967	25.409996	-0.99977964	0.30982566	329.49512	3833.9530124664307
13	2023.8483	360.29642	2856.4312	1592.8702	1986972.0	341537.28	2936094.8	1697627.9	11.444688	1.7752743	15.676695	7.114174	7.3599763	1.180936	8.786883	5.6622024	288.0	288.0	0.0	0.0	29226.123	0.06958600725446429	390001.0	537.1186	53.45589	813.5781	432.36526	537.1191	53.449963	815.60046	434.20755	4.842587	0.18808733	5.9924645	3.7664042	0.36385873	0.023663962	0.572732	0.3329704	1.0001976	1.0272719	2.9653547	-13.023611	-386.1748	74.83624	74.89345	0.0037790816	0.00012086864	-5.5481116e-05	0.14678834	1.1584362	0.024004366	3.2351236	25.412987	-1.0001985	0.30882645	330.50793	4164.474519729614
14	1974.9285	325.23633	2838.1091	1568.2853	2130123.5	367077.88	2850677.5	1807013.0	11.0950365	1.8162951	15.286302	7.0335236	9.999235	1.4758936	12.759996	8.27728	288.0	288.0	0.0	0.0	30381.191	0.06751375868055555	420001.0	539.35236	53.793327	814.95483	434.79224	539.35284	53.78804	819.9048	437.67346	4.863275	0.18983474	6.278617	3.7822356	0.36423284	0.025282789	0.6439843	0.33747396	0.99968755	1.0221528	3.6495829	-13.885881	-386.86948	74.512085	74.568375	0.0037925213	0.00012352195	0.0005036646	0.15465263	1.1675999	-0.03313408	3.241598	25.575075	-0.99968827	0.30185962	314.87	4479.319183588028
15	2012.951	361.9993	2798.0242	1658.9388	1998308.4	303913.56	2873579.2	1761152.1	11.443392	1.7986192	16.365782	7.8974237	12.136064	1.2024287	14.591819	10.702713	288.0	288.0	0.0	0.0	31576.346	0.06578405354817708	450001.0	539.0821	54.620205	817.0088	440.37152	539.0831	54.613163	821.7077	431.90506	4.848776	0.18515103	6.0441647	3.7033818	0.35993946	0.02463237	0.5548043	0.332358	1.0004951	1.0231466	3.1067095	-11.196674	-386.5726	75.46054	75.52268	0.0037414506	0.00012179743	-0.0003897166	0.15700163	1.170464	0.011760781	3.2450595	25.663784	-1.0004956	0.3319137	314.93112	4794.260985612869
16	2034.0776	365.53665	2843.724	1634.5576	2020052.8	269880.44	2690455.2	1741436.0	11.389942	1.8664744	16.377249	7.3204637	8.717252	1.0744674	10.963926	6.635533	288.0	288.0	0.0	0.0	32764.465	0.06424404871323529	480001.0	540.4104	54.643917	818.831	438.25186	540.4114	54.6354	821.33453	440.15256	4.8528433	0.18396054	5.902518	3.8050447	0.36019143	0.02330985	0.5544352	0.33316788	0.999997	1.022302	3.282346	-11.822538	-388.1358	75.16952	75.26317	0.0037637788	0.00012351613	0.00015784251	0.15629001	1.16952	-0.0060079666	3.2425623	25.599438	-0.9999973	0.30325055	310.17877	5104.39345574379
17	2003.8002	350.1228	2811.4768	1665.8649	2346521.2	571980.9	3083388.0	1644979.4	11.753318	1.7507361	15.439091	8.251118	10.388359	2.3572478	14.497331	7.6284585	288.0	288.0	0.0	0.0	33983.293	0.06293202401620371	510001.0	543.22217	55.677853	827.48926	444.10535	543.2232	55.669483	828.4503	432.93405	4.8522444	0.19023564	5.9492683	3.741634	0.3647254	0.023161117	0.54864943	0.33557376	1.0004231	1.0194883	3.3236523	-12.505724	-391.63287	76.058365	76.14823	0.003822733	0.00012638741	-0.00033488616	0.14606065	1.1576847	-0.0074448357	3.2369244	25.455805	-1.0004233	0.30459356	308.72168	5413.157356977463
18	2010.352	347.622	2833.477	1616.298	2118860.2	352370.8	3060282.8	1816126.4	11.511268	1.8683457	16.553404	6.8921323	9.113098	1.3896737	11.274443	6.192685	288.0	288.0	0.0	0.0	35184.69	0.06172752878289474	540001.0	545.06036	56.013573	829.5091	440.78436	545.06146	56.000477	829.4947	443.45905	4.8388877	0.18637307	6.003562	3.7651386	0.3612279	0.022369362	0.5549927	0.33460882	0.9998918	1.0184462	4.945036	-11.356584	-394.684	76.67782	76.720924	0.00375964	0.00012368197	0.00029898703	0.13547352	1.1454093	0.03551141	3.2318401	25.329466	-0.99989164	0.30853415	297.1796	5710.340474367142
19	2040.3679	382.36487	2841.8408	1650.7477	2382105.2	461120.94	2991238.2	1796295.4	11.2903185	1.9080616	16.976889	6.7665	9.815045	1.5356746	13.049193	7.5407786	288.0	288.0	0.0	0.0	36360.594	0.060600989583333334	570001.0	547.9166	56.07561	831.824	445.08087	547.9171	56.07187	830.6487	444.48758	4.8504624	0.18779325	6.068384	3.7461114	0.36305287	0.023721235	0.5501053	0.33703217	1.0000066	1.0213404	4.8194613	-12.400267	-398.15628	77.03565	77.04665	0.0037896093	0.0001276282	0.0001619476	0.12861215	1.1376969	-0.008851144	3.2251616	25.157871	-1.0000064	0.28936744	297.88345	6008.163147449493
20	2055.1074	363.34113	2866.4683	1574.0394	2036875.2	339414.4	3016541.0	1840875.6	11.538448	1.662451	16.17505	7.8422904	10.660749	1.4593829	13.273464	8.623976	288.0	288.0	0.0	0.0	37563.156	0.05962405753968254	600001.0	550.0165	56.65079	837.9497	448.13092	550.01666	56.64976	834.1797	445.22507	4.8457894	0.18938513	6.2161126	3.805792	0.36372826	0.021507405	0.5449712	0.336282	1.000123	1.0205517	4.3481784	-11.091681	-400.749	76.67248	76.67829	0.003786452	0.00012404118	1.947101e-05	0.13428144	1.1440446	0.013867376	3.2221937	25.083368	-1.0001233	0.31654763	304.22906	6312.420059680939
21	2102.7935	400.83807	2822.3572	1529.8236	2332861.8	431174.1	3011868.0	1860999.4	11.224345	1.7068734	15.017561	6.8580184	12.355694	1.4937339	13.891956	9.310365	288.0	288.0	0.0	0.0	38732.19	0.05868513849431818	630001.0	551.06964	57.178226	839.18524	446.34882	551.0698	57.176517	835.1199	450.65015	4.855492	0.19166428	5.9719872	3.7682602	0.36513737	0.022822395	0.5629605	0.3327075	0.99994314	1.021527	6.689515	-11.676137	-400.0092	77.53067	77.52002	0.0037843622	0.00012542764	0.00021456553	0.13675725	1.1469809	-0.030948093	3.23201	25.332659	-0.99994373	0.29158807	303.66574	6616.055194377899
22	1985.6688	329.65903	2855.1042	1613.8818	2004543.2	291712.66	2813139.8	1712565.1	11.638552	1.7945129	15.358202	7.420133	8.464834	1.0935932	10.159741	7.2174277	288.0	288.0	0.0	0.0	39943.695	0.05788941349637681	660001.0	552.4108	57.437477	837.7686	450.75995	552.411	57.44108	835.07666	440.52994	4.850122	0.19118233	6.1022916	3.8037775	0.36281717	0.02113638	0.5536443	0.33318493	1.0002092	1.0197679	4.6114597	-12.403045	-402.9685	77.87909	77.819305	0.0037766192	0.00012494401	-9.6675096e-05	0.12063291	1.1286663	0.0035153804	3.2226624	25.095133	-1.0002087	0.31836748	303.82162	6919.867965459824
23	2038.9852	357.8012	2864.7786	1607.3636	2125211.2	363985.34	2892400.5	1823387.5	11.142801	1.6455133	15.669621	6.9717855	12.6541195	1.9420911	16.016598	9.503489	288.0	288.0	0.0	0.0	41103.75	0.057088541666666666	690001.0	552.5126	57.66927	839.9376	452.1201	552.51215	57.674408	834.8507	447.67392	4.8499727	0.18974838	6.2403502	3.804047	0.3628328	0.023465592	0.5889544	0.33351964	0.99991244	1.0183439	6.428528	-12.250141	-399.8318	77.44259	77.39613	0.0037702147	0.00013058142	0.00025467767	0.13421538	1.1441404	-0.014208931	3.2441318	25.639917	-0.999913	0.30351162	323.60767	7243.539057731628
24	1997.5387	335.11346	2848.525	1526.804	2055496.8	104692.13	2162040.8	1867146.5	11.242085	1.5365655	16.2424	7.6854362	10.715161	1.4154247	13.235795	8.267872	288.0	288.0	0.0	0.0	42275.895	0.056367859375	720001.0	553.36145	57.359116	836.5415	451.96402	553.36084	57.363087	834.82855	445.96472	4.8453355	0.18580817	5.880613	3.7554674	0.35961765	0.020884901	0.5264839	0.32788116	1.000256	1.0216128	5.2824874	-12.892704	-401.72882	77.38157	77.34493	0.0037407903	0.00012372386	-0.00015759448	0.12764046	1.1365716	0.018903444	3.23869	25.50124	-1.0002553	0.30491686	302.61215	7546.164271831512
25	2044.8146	367.38394	2830.5627	1649.6512	2336524.8	450984.75	3029492.8	1901059.8	11.718966	1.8679296	16.56618	6.899837	11.537252	1.1341107	13.47176	9.46118	288.0	288.0	0.0	0.0	43496.586	0.05576485376602564	750001.0	554.0091	56.84504	834.04095	451.8139	554.00885	56.854057	831.71893	455.01797	4.867739	0.19239256	5.989772	3.8136141	0.36289605	0.022210984	0.5714691	0.33422703	0.99999917	1.0198219	6.1858745	-11.621567	-401.92987	76.055466	76.01913	0.003778412	0.00013028707	0.00015518814	0.13868743	1.1493714	-0.056221664	3.2367916	25.454433	-0.99999905	0.31698275	310.58026	7856.759206771851
26	1945.8041	286.77383	2807.736	1587.9122	1968228.6	330119.75	2924217.0	1734929.9	11.745072	1.8475715	16.306202	8.280859	10.03477	1.4636695	12.902871	8.1430435	288.0	288.0	0.0	0.0	44720.75	0.0552108024691358	780001.0	552.6841	56.756596	835.2115	450.2246	552.68304	56.768383	831.9253	453.52267	4.8387938	0.1841577	6.185838	3.8404472	0.35781893	0.019895624	0.53609127	0.3243484	0.9998694	1.0173346	5.2156157	-12.967926	-398.91556	75.720985	75.70535	0.0037016347	0.00012075086	0.00029651448	0.13476972	1.1446838	0.04372569	3.2540526	25.897797	-0.9998685	0.3124113	307.1031	8163.804824352264
27	1963.4601	341.83505	2888.8423	1581.7418	2274053.5	411240.28	2852489.2	1846173.4	11.797257	1.8196994	17.606354	7.603028	11.383487	1.4922196	13.450102	9.405644	288.0	288.0	0.0	0.0	45948.4	0.05470047433035714	810001.0	552.7898	56.69725	835.24207	455.8491	552.7895	56.70633	834.8277	452.86072	4.8728213	0.18573713	6.0573425	3.8598862	0.35781607	0.021670233	0.53478587	0.32230806	1.0000951	1.019936	3.5928001	-12.537117	-397.85648	76.00524	75.97706	0.0037049893	0.0001244434	4.639473e-05	0.14535683	1.1568376	-0.076313294	3.2557602	25.944088	-1.0000955	0.31069136	306.50018	8470.34496998787
28	2036.1157	346.68698	2855.3086	1636.8142	2299231.2	426496.22	2957466.2	1805308.9	11.511704	1.8020402	15.555697	6.4269357	12.065902	1.3521497	13.746894	9.6356945	288.0	288.0	0.0	0.0	47147.754	0.054192820581896554	840001.0	551.67865	56.63281	840.1033	454.19174	551.67786	56.64019	832.9678	449.65768	4.8589926	0.18345521	6.0158887	3.8084576	0.35438508	0.020299096	0.5558963	0.32064658	0.9999853	1.017204	4.6399717	-13.266972	-397.08704	75.66811	75.65734	0.0036881536	0.00012356475	0.00016023553	0.14174955	1.1527357	-0.002181865	3.2567863	25.96679	-0.9999853	0.31099582	310.58917	8780.945935726166
29	2025.0748	342.65408	2835.281	1590.2822	2285442.8	459416.5	3036219.8	1867247.5	11.723465	1.9249882	15.870897	7.5735216	10.299122	1.363849	12.417285	8.539449	288.0	288.0	0.0	0.0	48371.484	0.05374609375	870001.0	551.92694	56.175625	835.60724	453.94635	551.9267	56.187347	831.73035	453.60983	4.8574576	0.18040198	5.9573784	3.8325186	0.35290313	0.019903053	0.53425014	0.3180894	1.0001667	1.0164344	3.584344	-14.100285	-397.14594	74.68427	74.6676	0.0036518753	0.00011997647	-5.2824515e-05	0.13881549	1.1493615	-0.00016188294	3.2585843	26.013277	-1.0001664	0.30780125	317.5979	9098.53922700882
30	2072.1665	389.41678	2830.2097	1657.8706	2076864.8	423345.12	3056717.5	1761007.4	11.777151	1.7066314	14.712764	7.02979	9.5383835	1.913462	11.970425	6.485397	288.0	288.0	0.0	0.0	49596.13	0.053329170866935484	900001.0	552.1033	56.043453	835.9346	451.7578	552.10205	56.05885	830.68677	454.07806	4.853816	0.17116018	5.916741	3.9115288	0.34766725	0.018635524	0.51183254	0.31431875	1.0002041	1.0175971	7.4108744	-12.656195	-396.5264	74.9835	74.9518	0.003579769	0.000112301146	-8.210249e-05	0.13886538	1.1495519	0.01120237	3.2656589	26.197657	-1.0002041	0.3134482	308.1079	9406.640791893005
31	2042.798	375.61758	2874.9333	1630.1838	2163781.5	312913.94	2862793.5	1851269.9	11.526676	1.7341899	15.453502	7.866711	13.867857	1.3586233	16.26727	11.249798	288.0	288.0	0.0	0.0	50796.96	0.0529135009765625	930001.0	553.3972	56.03323	833.9936	453.76035	553.3961	56.043034	829.3002	456.63083	4.8623376	0.17941171	5.9356194	3.8589962	0.3485383	0.02034113	0.5956811	0.31672588	0.9996994	1.0145001	8.763976	-12.305046	-400.24896	74.94102	74.92208	0.003637168	0.00012108061	0.00048206182	0.13726366	1.1476032	0.009111084	3.2480688	25.740862	-0.99970025	0.32006025	306.826	9713.411842346191
32	2022.7909	372.39755	2834.6252	1611.3129	2072066.2	404776.6	3045173.8	1758366.2	11.537069	1.5344893	15.24086	7.7170124	10.894517	2.4588318	14.229897	6.3576016	288.0	288.0	0.0	0.0	51998.816	0.0525240569760101	960001.0	555.05176	56.456192	835.33295	453.47113	555.05054	56.465916	835.27997	456.40195	4.8636236	0.1805412	6.1133156	3.8753	0.35163212	0.020976517	0.55091494	0.32192087	1.000339	1.0190617	5.3253593	-10.9415	-400.24948	75.195114	75.174995	0.0036532325	0.00012260705	-0.00023808105	0.13459525	1.144525	-0.016691234	3.2578833	25.995068	-1.0003397	0.31029582	321.39203	10034.855874300003
33	2020.9279	338.37042	2771.4194	1688.4067	1976148.0	124895.94	2128649.2	1771908.9	11.775609	1.8432188	17.82392	7.55561	10.25219	0.93342024	11.919843	9.058946	288.0	288.0	0.0	0.0	53224.004	0.05218039598651961	990001.0	555.3621	56.817677	839.4437	453.81183	555.3615	56.82616	836.0012	457.53217	4.861097	0.18294385	6.743711	3.8539276	0.35026732	0.021698203	0.5452874	0.31742018	0.9999675	1.0192666	9.649065	-14.877873	-401.6624	75.82118	75.76095	0.0036491218	0.00012780547	0.00018588186	0.14200394	1.1529962	0.00974072	3.251323	25.824804	-0.9999666	0.3080938	302.79358	10337.600092887878
34	2019.9962	338.0371	2839.593	1660.5419	2129870.0	294682.56	2942569.5	1831068.2	11.662848	1.8547609	15.579694	6.384678	11.77896	2.0161977	15.386649	8.914965	288.0	288.0	0.0	0.0	54440.414	0.05184801339285714	1020001.0	555.1328	55.8201	835.2193	456.78134	555.1325	55.825546	832.5992	455.8021	4.8560762	0.17816484	6.641377	3.8728333	0.35016704	0.022043956	0.54045755	0.31577724	1.0003572	1.0141613	13.776753	-10.724207	-399.88547	74.166374	74.083305	0.0036218932	0.00012246218	-0.00027813742	0.14759335	1.1594806	-0.0075233122	3.2621727	26.10743	-1.0003569	0.31944823	298.42648	10636.02235531807
35	2068.0024	389.9935	2839.333	1630.2777	2178525.2	397647.25	2936418.0	1801402.1	11.66329	1.6887	15.1998205	7.695849	10.717202	1.1566485	12.185988	8.647843	288.0	288.0	0.0	0.0	55655.477	0.05153284866898148	1050001.0	556.6411	56.57582	841.37524	455.54514	556.6411	56.587368	839.1612	458.563	4.8579807	0.17475219	6.377453	3.8646548	0.34735787	0.020446822	0.5417327	0.3155797	1.0000342	1.0163732	9.919643	-10.715527	-404.86884	75.255035	75.15172	0.0036271361	0.00012370276	0.00010313131	0.1408728	1.1519172	0.010292183	3.239336	25.516895	-1.0000339	0.30216956	298.47623	10934.488420724869
36	2000.1128	331.43164	2821.5615	1660.3281	2199828.5	448214.56	3092986.2	1826753.9	11.795775	1.752658	16.097082	8.110305	11.721565	1.697049	14.988595	9.7948265	288.0	288.0	0.0	0.0	56883.895	0.05124675182995495	1080001.0	558.6	57.4674	844.12103	461.08832	558.5995	57.473923	842.6285	456.0773	4.853478	0.17624134	6.533349	3.784487	0.35006988	0.021454649	0.5258801	0.31204385	1.0000877	1.0194138	7.7895656	-11.506504	-405.1883	76.88076	76.74165	0.0036368815	0.00013218987	4.3649434e-05	0.14646055	1.1583004	0.010374441	3.2498164	25.786661	-1.0000875	0.29609847	298.56192	11233.100188493729
37	2043.8641	334.14224	2841.649	1707.8217	2251731.5	389093.38	3001896.5	1789609.9	11.971431	1.805188	17.093622	8.183592	10.390917	1.330807	12.371564	7.987616	288.0	288.0	0.0	0.0	58131.047	0.050992146381578944	1110001.0	558.95575	56.772976	842.3836	458.40604	558.95526	56.77822	837.22595	460.30136	4.8577228	0.17356722	6.0333157	3.8885264	0.35192403	0.022579055	0.5664377	0.3195328	1.0000465	1.0231183	10.732269	-11.5051155	-406.8006	75.51056	75.38448	0.0037055246	0.0001508859	9.019958e-05	0.14842907	1.160688	-0.02391682	3.240063	25.536299	-1.0000463	0.3205521	308.6293	11541.684483766556
38	2009.3672	352.5412	2870.0989	1630.372	2004803.8	197471.97	2506878.2	1809865.5	11.826104	1.6883589	15.112465	8.214111	10.012037	0.8707627	11.720167	9.176469	288.0	288.0	0.0	0.0	59362.125	0.05073685897435897	1140001.0	557.58734	57.021408	838.89526	454.50488	557.58685	57.031376	837.4575	459.00143	4.848416	0.16466795	7.2944984	3.734866	0.347874	0.020070368	0.6374673	0.31310493	0.9999782	1.0153466	10.217131	-11.259444	-403.92545	75.919464	75.78645	0.0035550182	0.00012602545	0.00017160292	0.15975015	1.17377	0.0019356501	3.2524815	25.855188	-0.99997795	0.32608867	319.12094	11860.881430149078
39	2041.6655	354.40616	2839.398	1657.7814	2316276.8	419334.28	2927020.0	1911176.0	11.654829	1.9203904	16.484114	7.025013	15.440361	1.2525976	17.965052	13.954219	288.0	288.0	0.0	0.0	60578.14	0.05048178385416666	1170001.0	559.01746	57.46269	841.3842	449.84995	559.017	57.470978	839.84784	458.66718	4.8533387	0.16865617	7.6815863	3.8894536	0.34507704	0.018863268	0.89130545	0.31278616	1.0001622	1.0195936	3.9093866	-12.235289	-407.1941	75.94797	75.830795	0.0035531905	0.00012490217	-5.8484427e-05	0.14677402	1.1585654	0.01653758	3.2401798	25.53928	-1.0001621	0.29257417	319.84546	12180.64926123619
40	2010.4299	347.66898	2825.4382	1653.3391	2034203.8	320636.78	2936238.5	1755602.9	11.705931	1.7102102	15.582819	7.417893	11.529383	1.3733604	12.839789	8.08788	288.0	288.0	0.0	0.0	61795.113	0.05023992949695122	1200001.0	560.15186	57.575035	845.99115	458.68137	560.151	57.58654	843.2501	458.70267	4.8497114	0.16879894	6.4584813	3.8513167	0.34574732	0.019590488	0.99183935	0.3127369	0.9998388	1.0217196	8.800123	-13.189192	-407.0049	76.13551	76.03272	0.0035309058	0.00012377025	0.00032156936	0.14469913	1.1561785	0.0057926	3.2492688	25.773382	-0.9998388	0.31176996	322.0146	12502.670481920242
41	2081.0974	392.63776	2817.0088	1612.5453	2425952.0	537561.2	3093230.5	1888679.1	12.035814	1.8209307	15.877492	8.374006	13.343188	1.2127291	15.467481	11.226512	288.0	288.0	0.0	0.0	63052.496	0.050041663566468254	1230001.0	561.6644	57.932983	850.9844	451.43823	561.6636	57.940643	845.54694	461.17065	4.8611364	0.16911262	6.8226776	3.896462	0.3480272	0.01850232	0.9725613	0.31559637	1.0003082	1.0230961	5.0937023	-12.221555	-410.56946	77.1001	76.986755	0.0035657743	0.00012446982	-0.00023547836	0.14313447	1.1543753	-0.030712523	3.2330625	25.359137	-1.0003078	0.30345178	321.92828	12824.626705408096
42	2059.0808	348.51474	2885.8845	1622.7897	1932645.0	128709.305	2156118.0	1737991.9	11.738637	1.6624398	14.626258	7.9619718	10.14759	1.1212649	12.062095	8.208543	288.0	288.0	0.0	0.0	64272.64	0.04982375242248062	1260001.0	560.2075	58.310642	854.79254	441.13632	560.2059	58.327503	850.8776	460.07196	4.846557	0.16170646	6.553489	3.905711	0.34375027	0.016225375	0.8492624	0.31390402	0.99966	1.0222565	6.3233104	-13.372944	-407.52478	76.806114	76.69628	0.0035047152	0.000116334835	0.0005102638	0.15167764	1.1643249	0.029083168	3.247092	25.717546	-0.9996595	0.2968278	312.8854	13137.497025489807
43	2039.6952	359.5127	2859.6187	1616.2651	2101222.8	331734.34	3003690.2	1735656.4	11.817011	1.8831694	17.167465	7.421392	10.949382	1.2259958	12.407305	8.584047	288.0	288.0	0.0	0.0	65502.84	0.04962336351799242	1290001.0	561.62	58.021557	852.34296	454.83948	561.6193	58.026024	848.9891	459.49295	4.8572183	0.16247433	6.4115105	3.920343	0.34656858	0.017593367	0.66726226	0.315011	1.0002422	1.0273242	5.6270976	-11.138488	-408.38925	77.19009	77.08628	0.0035293016	0.00011755996	-0.000142541	0.14022432	1.1511043	-0.03658626	3.2482271	25.746738	-1.0002419	0.3166523	329.29626	13466.81915307045
44	2004.058	345.35934	2855.4355	1598.7494	2031317.8	335971.66	2721299.8	1731247.6	11.753979	1.9969975	19.11514	8.012585	9.706599	0.83884126	10.774817	8.147288	288.0	288.0	0.0	0.0	66728.24	0.049428327546296294	1320001.0	561.9074	58.024536	848.53955	450.64752	561.9069	58.035088	843.75494	462.07965	4.8577504	0.1607843	6.435927	3.9635396	0.34405592	0.016356787	0.70856607	0.31270105	1.0000883	1.0264436	7.3851414	-13.482147	-408.94565	77.351135	77.2441	0.0035235565	0.00011753316	1.3445711e-05	0.13840473	1.1490315	-0.018314786	3.2469823	25.71436	-1.0000876	0.3006568	332.21628	13799.036127090454
45	2000.7307	345.10498	2827.7551	1633.2909	2193279.2	405964.88	2956187.5	1799413.8	11.778383	1.8781517	17.205334	7.183753	9.965231	1.173006	12.608163	8.439038	288.0	288.0	0.0	0.0	67954.67	0.04924251585144927	1350001.0	561.67773	58.461235	852.0833	456.8869	561.6767	58.472496	845.351	459.0119	4.8486195	0.16128552	7.7063737	3.9290323	0.34296477	0.016931465	0.61590075	0.31073073	1.0000178	1.028269	4.164761	-11.951643	-408.55246	78.197586	78.11115	0.003535048	0.000119713746	9.905429e-05	0.13639645	1.1467777	0.02372098	3.2498724	25.788078	-1.0000178	0.3152759	322.3013	14121.383145332336
46	1978.0508	340.6175	2871.9805	1617.5441	2134653.5	494649.84	3013002.5	1654740.8	11.65644	1.7899162	16.346275	7.397517	8.183027	1.8045815	11.566246	5.8076763	288.0	288.0	0.0	0.0	69169.18	0.04905615580673759	1380001.0	560.69366	57.95684	850.67285	450.8246	560.6927	57.96782	843.6297	457.95853	4.8537736	0.16038325	6.7071943	3.9454606	0.34549606	0.017173158	0.6738749	0.31394112	1.000151	1.0232286	4.2974844	-11.574331	-406.63687	76.99208	76.95021	0.003537074	0.00011662713	-5.9527014e-05	0.14844716	1.1605467	-0.022633363	3.2544253	25.905401	-1.0001516	0.3049965	300.19376	14421.502374887466
47	1983.9104	318.12012	2836.2847	1626.8956	2106480.0	351052.06	3111017.0	1861952.8	11.785776	1.7410566	16.34898	7.389137	12.68675	1.79223	15.376815	9.536445	288.0	288.0	0.0	0.0	70397.266	0.04888699001736111	1410001.0	559.86725	57.705204	848.3432	457.3361	559.8656	57.716114	844.14795	458.8966	4.8476086	0.16034114	6.1700835	3.6854992	0.34691006	0.016618717	0.7297548	0.3152931	0.99978846	1.029201	6.2212133	-12.708244	-405.93396	76.82124	76.77992	0.003545052	0.000117514544	0.00036988882	0.1412247	1.1521404	0.0030060248	3.2543805	25.903698	-0.9997893	0.3423624	298.55725	14720.08005285263
48	1997.2418	354.5782	2861.1047	1662.6075	2206325.2	397130.75	3026003.0	1817932.2	11.837986	1.6895903	17.436098	7.9916434	11.726826	1.0746967	12.951153	8.915005	288.0	288.0	0.0	0.0	71629.95	0.048727859268707485	1440001.0	558.98474	57.92115	848.7903	455.63263	558.9832	57.93516	845.19446	457.12378	4.8432174	0.14972974	6.2145934	3.9764905	0.3443155	0.01580458	0.61545044	0.3086671	1.0001489	1.0358974	9.452835	-13.011709	-405.07574	78.010895	77.98129	0.0035237062	0.00011111057	-3.649287e-05	0.14395809	1.1554877	-0.009301848	3.2554483	25.93184	-1.0001487	0.30073953	302.2201	15022.270860433578
49	2071.8901	376.75534	2852.0093	1626.5997	1981842.2	114063.42	2216838.5	1814847.5	11.479041	1.806014	16.144085	7.5043244	9.298003	1.7199496	12.259313	6.28039	288.0	288.0	0.0	0.0	72826.31	0.048550875	1470001.0	558.5579	57.868134	852.68365	453.7063	558.5575	57.876022	848.94214	457.65833	4.846499	0.15311955	6.3875346	3.9661577	0.3413269	0.014171693	0.52872735	0.31087187	1.0000408	1.0237026	8.2805195	-11.757303	-406.78287	77.65845	77.632744	0.0034936534	0.00011140812	6.6725144e-05	0.13423896	1.1441387	0.027744174	3.241627	25.577272	-1.0000404	0.29108	295.3029	15317.571022748947
50	1974.8927	330.20627	2806.1143	1608.3148	1996206.6	218093.4	2483588.8	1727953.4	12.142141	1.7254909	17.239902	8.505291	9.158735	1.5818367	11.143264	5.3739824	288.0	288.0	0.0	0.0	74089.805	0.048424708946078435	1500001.0	559.7351	57.993195	848.6812	451.45105	559.73486	57.998077	848.86005	456.89703	4.866449	0.1553337	6.452316	3.9251919	0.34339446	0.016463092	0.46985024	0.31039283	0.9999776	1.0189298	6.7136693	-11.543996	-406.3018	78.057144	78.030464	0.0034792498	0.00011243337	0.00014529232	0.14668103	1.1585653	-0.053739145	3.248526	25.754175	-0.9999779	0.3130126	296.5425	15614.169548749924
51	1979.8672	337.50754	2813.0623	1650.1827	2313469.5	414611.1	2996502.2	1887659.0	11.682642	1.6375511	15.742589	7.866583	10.712038	1.4414023	12.533395	7.592827	288.0	288.0	0.0	0.0	75308.13	0.04827444411057692	1530001.0	557.99744	57.80169	846.79315	456.90604	557.9967	57.81289	846.72485	455.24152	4.8402033	0.14925781	6.4937854	3.9527156	0.33635506	0.0147817675	0.5323921	0.30806693	0.9999986	1.0233201	6.384406	-13.563723	-405.47314	77.12278	77.10739	0.0034544733	0.00010857177	0.000110052126	0.13763635	1.147981	0.049277946	3.2487493	25.763088	-0.99999803	0.328521	307.77936	15921.987996339798
52	2035.3524	366.48044	2826.3606	1561.6716	2133160.5	378767.0	2723528.2	1797692.1	11.422112	1.8247188	15.250185	7.0989456	9.394713	1.1495829	11.4333315	7.433571	288.0	288.0	0.0	0.0	76498.84	0.04811248034591195	1560001.0	557.95715	57.744827	848.18964	455.61884	557.9563	57.755985	843.39966	450.84137	4.860017	0.15137331	6.3752475	3.987053	0.3410318	0.016142467	0.5323302	0.31113762	1.0003046	1.0254622	8.236118	-11.968235	-404.75824	78.12117	78.144035	0.0034678462	0.00011130624	-0.00024211366	0.14755577	1.1595589	-0.023837138	3.2486045	25.755987	-1.0003042	0.3387568	321.74728	16243.65469789505
53	1978.1466	306.7451	2839.8809	1582.1367	2027398.6	119351.18	2179578.8	1806640.8	11.651565	1.5377829	15.939985	8.286213	12.39021	1.1948739	14.29372	9.862725	288.0	288.0	0.0	0.0	77710.055	0.04796916956018518	1590001.0	556.39484	57.746128	845.1052	454.60928	556.39386	57.75399	843.2139	456.0514	4.855547	0.14717723	6.4417233	4.003114	0.3388893	0.015382881	0.4991092	0.30974787	0.9999641	1.0261668	7.8466115	-12.957863	-403.3676	78.31843	78.37964	0.0034573278	0.000109231485	0.00016697998	0.15009199	1.1625036	-0.010872854	3.2487354	25.758562	-0.9999637	0.3125806	309.44482	16553.122090816498
54	1979.5283	340.5253	2890.7004	1597.3308	2261095.8	473629.1	3039967.8	1816808.4	11.703522	1.7262795	15.876079	7.2062116	11.221672	1.3780274	13.6554985	9.11176	288.0	288.0	0.0	0.0	78930.086	0.04783641571969697	1620001.0	554.5826	57.069775	842.3221	452.33423	554.582	57.07879	839.48926	451.3474	4.8461776	0.14739081	6.4486957	3.9624808	0.33806995	0.015006398	0.49828035	0.30263498	0.99986434	1.0265423	4.51043	-11.873884	-403.751	77.28613	77.31649	0.003468681	0.0001108781	0.00027509322	0.15016428	1.1624442	0.017693786	3.2358532	25.430029	-0.9998646	0.3669274	322.38852	16875.56774044037
55	2018.4708	363.31165	2910.4333	1582.6414	2024745.2	178623.08	2468459.2	1820340.6	11.530462	1.6675025	15.462168	7.571172	10.3789215	1.4123743	11.949557	7.8801823	288.0	288.0	0.0	0.0	80132.33	0.04769781436011905	1650001.0	553.71783	56.971863	845.41406	451.80026	553.71625	56.988724	844.6761	450.1877	4.8534327	0.14298017	6.190359	3.9161117	0.33556953	0.014047913	0.49749237	0.30034205	1.0002455	1.0188878	4.3166075	-13.27676	-400.85226	77.02535	77.05748	0.0034123294	0.00010724782	-0.00017582967	0.15559018	1.1689296	0.00061860046	3.2488291	25.761312	-1.0002462	0.31212497	323.60373	17199.187742471695
56	2080.5225	383.20197	2855.7517	1681.9279	1975566.8	339615.4	2953093.8	1694830.8	11.796736	1.6403399	17.0494	7.9776525	11.017021	1.244649	13.674885	9.2629595	288.0	288.0	0.0	0.0	81359.055	0.047578394554093566	1680001.0	554.2733	56.962875	846.04535	451.9743	554.2719	56.97365	847.46564	454.81778	4.864385	0.14092788	6.411555	4.039663	0.33591655	0.01476285	0.5615636	0.30351418	0.99996233	1.0183244	8.880161	-12.235407	-403.46246	77.28754	77.29632	0.00341665	0.000106732296	0.00016345765	0.15545084	1.1688219	-0.046104003	3.2331026	25.359287	-0.9999624	0.4622383	322.77194	17521.962148666382
57	1998.3254	366.19156	2892.2764	1573.4071	2067079.2	299318.8	2914467.2	1839222.6	11.31596	1.6350651	15.071728	8.134667	11.034905	1.5855982	13.407466	8.820015	288.0	288.0	0.0	0.0	82538.96	0.04743618444683908	1710001.0	552.84265	57.61718	845.5719	452.05112	552.8411	57.6334	843.5	449.7727	4.8418694	0.1400796	6.3079233	4.0374146	0.33179107	0.014540641	0.49282	0.30034193	0.99987483	1.032567	7.03437	-11.218067	-401.59024	77.829605	77.888336	0.0034101862	0.00010754519	0.00026754374	0.15043524	1.1628289	0.031799152	3.2409022	25.560844	-0.99987495	0.3104465	307.9387	17829.880851745605
