Epoch	AverageEpRet	StdEpRet	MaxEpRet	MinEpRet	AverageTestEpRet	StdTestEpRet	MaxTestEpRet	MinTestEpRet	AverageEpCost	StdEpCost	MaxEpCost	MinEpCost	AverageTestEpCost	StdTestEpCost	MaxTestEpCost	MinTestEpCost	EpLen	TestEpLen	EpGoals	TestEpGoals	CumulativeCost	CostRate	TotalEnvInteracts	AverageQR1Vals	StdQR1Vals	MaxQR1Vals	MinQR1Vals	AverageQR2Vals	StdQR2Vals	MaxQR2Vals	MinQR2Vals	AverageQCVals	StdQCVals	MaxQCVals	MinQCVals	AverageLogPi	StdLogPi	MaxLogPi	MinLogPi	LossPi	LossQR1	LossQR2	LossQC	LossAlpha	LogAlpha	Alpha	LossBeta	LogBeta	Beta	PiEntropy	TestTime	EpochTime	TotalTime
1	1873.1102	595.64453	2769.3362	473.50082	1608684.8	787812.44	2714419.2	544537.3	47.20289	16.01028	109.90534	15.385584	24.758593	14.339556	50.659042	8.690495	288.0	288.0	0.0	0.0	4914.1816	0.08190302734375	30001.0	288.47772	165.98895	907.3287	-2.3198326	288.52667	165.90526	908.4257	-3.2319677	10.146426	2.997606	23.306559	0.70574343	0.982495	1.2701055	18.652498	-12.555879	-269.53683	38.27202	38.24414	0.026772387	0.009151118	-0.583085	0.5617705	-10.055296	0.4125709	1.676937	-0.98249507	0.61872005	204.53607	204.93337106704712
2	1754.5754	641.969	2781.1438	318.60492	1740568.6	725466.94	2548052.2	459664.84	26.44296	7.949872	49.738194	15.870657	19.163754	10.401266	43.99941	8.723986	288.0	288.0	0.0	0.0	7665.8315	0.08517590603298611	60001.0	510.2506	170.91896	1071.0669	39.26553	510.24954	170.92195	1075.3302	37.73624	10.7003	2.4117134	23.749779	6.7197895	1.0010713	1.0999066	11.770569	-12.452709	-462.55142	89.9735	90.04542	0.021093199	-0.0004899993	-0.4526819	0.63681114	-24.541222	1.4729003	4.443722	-1.0010717	0.56597066	207.44908	412.3967113494873
3	1765.8077	555.6578	2645.9614	353.99313	2028294.2	594656.9	2808496.2	748485.0	19.595766	5.6864495	43.41745	11.785204	12.080626	1.6060627	14.605032	8.935002	288.0	288.0	0.0	0.0	9706.429	0.08088690592447917	90001.0	538.2506	187.00972	1090.0157	21.19683	538.24866	187.0157	1090.7003	20.966095	8.281287	1.8887811	17.067102	5.545327	1.0004092	1.0607566	4.3690896	-12.637314	-476.99286	100.4589	100.49153	0.01470016	-6.718933e-05	-0.32883498	0.7204927	-23.323322	1.9910496	7.3721986	-1.0004082	0.55568075	205.23393	617.634416103363
4	1718.5643	552.055	2646.2227	241.22108	1419004.1	843209.9	2772353.5	223657.66	15.891505	3.3409948	32.019043	9.426777	10.87554	2.6696527	16.27563	8.106767	288.0	288.0	0.0	0.0	11360.418	0.07573611979166667	120001.0	528.04065	187.54475	1079.9001	-10.240032	528.03864	187.55089	1077.9252	-11.861934	6.5935874	1.150724	12.404126	4.4384413	1.0006201	1.0398363	4.6013646	-10.955244	-459.69495	100.08427	100.11465	0.010543417	-0.00027674483	-0.2275604	0.7972418	-15.617147	2.3282566	10.294496	-1.00062	0.53995156	200.3202	817.961165189743
5	1629.3588	612.9171	2616.7915	177.22066	1455329.0	547528.0	2081756.4	122559.414	13.192493	3.2360578	24.886732	7.3400126	8.516569	3.2967749	14.575871	1.2350821	288.0	288.0	0.0	0.0	12728.312	0.070712841796875	150001.0	507.83524	186.43323	1048.728	-15.620993	507.82916	186.44945	1050.3274	-16.2975	5.5406485	0.63854265	9.422524	3.7342901	1.0004666	1.0481387	5.711047	-11.418271	-434.2993	98.21868	98.35017	0.007340233	-0.00019019941	-0.1412607	0.86886406	-6.31682	2.575501	13.162432	-1.0004659	0.5089898	200.74635	1018.7065451145172
6	1686.769	655.8489	2528.9358	127.79215	1627828.9	853258.2	2795242.5	269373.56	11.825939	2.4963574	19.83148	7.133364	11.903775	2.9918907	17.05428	5.9437895	288.0	288.0	0.0	0.0	13963.688	0.06649375465029762	180001.0	495.0891	190.62189	1004.545	-21.590837	495.08102	190.64113	1011.01715	-21.910309	5.0351524	0.34310624	6.6840434	3.2787154	1.000018	1.0539964	4.897064	-13.320597	-422.27127	95.43748	95.65064	0.0062127574	0.00015461244	-0.1342247	0.87490314	0.049028654	2.6588733	14.28463	-1.000018	0.5257156	204.24847	1222.9777438640594
7	1613.8589	597.95276	2590.4458	78.064896	1946594.4	435896.47	2785258.8	1285125.8	12.002148	2.5288808	19.950773	5.5980463	9.049057	2.595844	15.380047	4.4699106	288.0	288.0	0.0	0.0	15214.503	0.06339376220703125	210001.0	492.4797	189.72252	952.50256	-18.099684	492.4766	189.72871	955.10065	-18.423563	5.006962	0.34601858	6.990566	3.1432827	1.0000297	1.053489	4.661424	-12.301538	-425.06403	94.37845	94.50463	0.00632383	0.00016829475	-0.15481377	0.8570997	0.33116758	2.5857992	13.279148	-1.0000294	0.51780987	203.10558	1426.0841946601868
8	1777.7052	569.9614	2582.4949	75.27816	1933643.8	501600.53	2691806.8	1241325.1	12.583649	2.4682858	22.27221	5.995719	6.8989816	1.6753458	9.291038	4.5035925	288.0	288.0	0.0	0.0	16524.79	0.061202922453703706	240001.0	496.344	187.42969	921.6284	-9.18985	496.34366	187.42984	916.96094	-9.943889	5.0220723	0.36052877	7.2200146	3.3267086	1.0001942	1.0535097	4.516631	-13.974052	-433.10706	92.40408	92.46209	0.0066651646	5.0326093e-05	-0.20450869	0.81542635	0.055955116	2.5188422	12.415763	-1.0001941	0.54958797	215.06245	1641.1552331447601
9	1693.738	584.1916	2565.0166	130.30098	1933400.8	496279.84	2672626.2	1293048.9	12.4170265	2.4446661	21.94204	8.487353	9.192059	2.16212	12.887265	5.3330235	288.0	288.0	0.0	0.0	17817.36	0.059391197916666666	270001.0	500.11932	184.86674	909.6257	-7.102374	500.11923	184.86653	908.0955	-6.8506184	5.0157022	0.42743823	7.6645126	3.3017426	0.9998461	1.0588765	6.418357	-10.878318	-438.96378	91.26713	91.29512	0.0070380596	0.00029103406	-0.19582818	0.82258314	0.10078006	2.4861867	12.016267	-0.9998462	0.5229237	216.76543	1857.9252688884735
10	1766.5787	560.0587	2593.2727	129.07274	1584415.8	701770.1	2396164.0	125809.47	12.9499	2.6469533	22.187788	6.2674103	9.004892	2.8105407	13.691807	4.2085648	288.0	288.0	0.0	0.0	19173.4	0.058101213304924244	300001.0	503.531	184.11926	909.9028	-5.0989285	503.53036	184.12065	903.9353	-5.8474126	5.0308933	0.45351002	7.823294	3.1543996	1.0004934	1.0576293	6.228569	-12.122303	-443.87775	91.79619	91.80473	0.0071265735	-0.00022707102	-0.22147347	0.8018537	-0.11579983	2.457451	11.68117	-1.000493	0.56229997	214.57864	2072.4845979213715
11	1684.7603	579.2062	2649.8916	171.1108	1869975.6	500863.75	2685316.0	1266144.5	12.201289	2.805538	21.41263	6.9073052	10.464794	2.5814319	14.117084	6.7667437	288.0	288.0	0.0	0.0	20439.582	0.056776616753472224	330001.0	501.7541	182.22363	898.3506	1.0915794	501.75394	182.22414	896.5941	0.98316264	5.020616	0.4397921	7.783175	3.1700377	1.0002433	1.0618607	4.206675	-14.160179	-441.23492	89.4488	89.46994	0.0069921673	-3.485911e-05	-0.20371519	0.8162318	-0.0116531085	2.47356	11.867303	-1.0002431	0.56290174	205.8375	2278.346771001816
12	1685.848	597.1779	2569.7302	95.51674	1453061.8	811053.5	2260212.0	127781.305	12.484604	2.4836724	20.077976	6.925577	9.134596	1.7926289	11.560628	6.3648934	288.0	288.0	0.0	0.0	21738.555	0.05573988381410257	360001.0	498.43378	183.84674	899.1169	-2.208362	498.4324	183.85005	897.8236	-3.284476	5.0203495	0.42299768	7.697877	3.2820232	0.99976164	1.0581989	10.319365	-13.499634	-434.949	90.241806	90.222	0.0070673223	0.00033464198	-0.17676285	0.83845216	-0.028076733	2.5223327	12.458077	-0.9997612	0.56362057	216.96696	2495.3215782642365
13	1698.0028	606.8386	2588.6462	48.89428	1609186.4	440069.25	2403887.8	700786.4	12.399117	2.689437	18.97708	2.530789	10.432718	1.6075802	13.157344	8.012979	288.0	288.0	0.0	0.0	23028.688	0.05483020833333333	390001.0	498.3452	183.533	902.1993	0.9879155	498.34583	183.53157	895.7431	-0.24721539	5.019025	0.4060108	7.693814	3.4098513	1.0005766	1.0578897	5.4778533	-11.857723	-434.2206	90.64177	90.602325	0.006821589	-0.0003380421	-0.17165436	0.8427615	-0.03062032	2.5325031	12.5869875	-1.0005772	0.55478907	209.86769	2705.1759979724884
14	1670.8912	593.03186	2580.0898	106.52245	2099620.5	408980.34	2710083.8	1435820.0	12.333357	2.3399067	22.263248	7.909455	7.6302834	1.4021386	10.5845	5.8493786	288.0	288.0	0.0	0.0	24314.709	0.054032686631944445	420001.0	497.72998	183.0677	896.9226	0.36316788	497.72952	183.06874	889.9618	1.1317643	5.0106463	0.41308102	7.596921	3.5123239	0.99972296	1.0601611	4.7379785	-13.664024	-435.94855	90.01841	89.94953	0.006826458	0.00037915097	-0.17473233	0.8400411	0.0577987	2.4966154	12.142018	-0.9997232	0.5378239	208.32112	2913.490490436554
15	1655.6107	605.53217	2606.8218	69.80212	2017544.2	554001.7	2700160.5	1169394.9	12.365799	2.5265005	17.881783	3.3344038	13.3739195	2.3627303	16.766155	8.5917845	288.0	288.0	0.0	0.0	25602.729	0.05333901774088542	450001.0	497.19547	182.85957	891.0782	0.09335232	497.19504	182.86026	886.98346	1.2923675	5.013149	0.3834319	7.580329	3.630958	1.0001092	1.065444	4.9705496	-11.496344	-438.67737	88.714134	88.64904	0.006619867	4.6556535e-05	-0.18302076	0.8331529	0.007269108	2.4403143	11.482112	-1.000109	0.5216613	203.93196	3117.422175884247
16	1634.3495	557.30634	2479.043	77.47543	1423176.2	714729.4	2758997.0	29883.965	12.822296	2.5060022	19.79367	7.7424774	7.488014	2.6967416	10.168926	0.4480573	288.0	288.0	0.0	0.0	26938.346	0.052820285692401964	480001.0	494.05478	180.69382	887.58496	-1.4152408	494.0542	180.69574	878.8719	-3.189817	4.9971566	0.4259589	7.735957	3.7913344	1.0002455	1.0685129	6.1078386	-11.787529	-434.64725	87.083435	86.99206	0.0069657424	-6.467486e-05	-0.17452008	0.8403672	0.1938357	2.4579313	11.690017	-1.0002452	0.53585815	203.48773	3320.9191801548004
17	1657.5806	618.2712	2648.6038	50.570778	1278494.8	749664.75	2669853.8	119879.66	12.646969	2.6076274	21.32305	5.2777405	9.817759	3.5733385	18.13724	4.89263	288.0	288.0	0.0	0.0	28256.486	0.05232682653356482	510001.0	493.42993	178.99745	873.6414	1.3599468	493.42896	178.99991	867.4679	0.046201944	5.017791	0.3697075	7.4738755	3.6836817	1.0001578	1.0720667	6.083696	-11.743259	-434.52606	85.21549	85.117134	0.0064044893	9.173552e-06	-0.19348003	0.82456356	-0.0648823	2.445396	11.539304	-1.000158	0.5228827	204.72464	3525.627110004425
18	1666.3677	630.5705	2640.738	99.34774	1754389.2	853246.6	2780495.2	5700.0	12.743287	2.1649218	21.266626	7.4899554	9.871465	4.6284947	15.339108	0.0	288.0	288.0	0.0	0.0	29583.559	0.05190097998903509	540001.0	492.57718	178.57127	877.8154	3.4332209	492.57544	178.57666	869.1914	4.2217574	5.0275817	0.39356345	7.699232	3.7456625	0.99984384	1.0679636	7.4103527	-11.391479	-430.57346	84.630875	84.55143	0.00656655	0.00025526364	-0.18721566	0.82975066	-0.17870681	2.4951425	12.130458	-0.99984396	0.5139744	202.59612	3728.2216539382935
19	1645.3783	680.31036	2620.0667	56.926125	1467791.8	504929.8	2143080.2	156168.14	12.545049	2.7669952	21.436047	7.130438	10.41127	2.5086608	15.127035	6.2287145	288.0	288.0	0.0	0.0	30889.13	0.051481884765625	570001.0	490.8216	180.3749	876.96735	-0.027507424	490.82013	180.38002	871.5719	-0.296605	5.0154533	0.36019513	7.523039	3.5834553	1.0004387	1.0588628	5.858627	-12.964591	-431.32764	85.20363	85.1217	0.006231175	-0.00024071518	-0.2048372	0.81515336	-0.061979428	2.456048	11.659655	-1.0004385	0.5257242	206.75323	3934.9924931526184
20	1705.3005	594.1782	2638.724	137.84027	1775023.0	817632.5	2555267.8	49044.49	12.576331	2.831689	24.05673	5.9185004	6.8799925	2.354113	10.582466	1.4175316	288.0	288.0	0.0	0.0	32201.299	0.05111317274305555	600001.0	490.3261	180.73077	875.4457	0.21962678	490.3238	180.73663	871.8411	0.34371114	5.0025463	0.37290943	7.4980545	3.6640458	0.9996968	1.0665492	8.774432	-11.687516	-429.31625	85.69185	85.63981	0.0064583477	0.0003773723	-0.1992095	0.8199862	0.09742026	2.483023	11.986787	-0.99969745	0.5867553	203.93991	4138.930135965347
21	1695.9786	587.6954	2549.6316	92.49855	1733912.4	505809.3	2593869.2	760429.3	12.407069	2.5405872	20.690868	6.0380588	10.866104	2.1818235	14.770581	7.2129507	288.0	288.0	0.0	0.0	33494.242	0.05074885179924243	630001.0	489.5982	179.54938	879.1297	-0.8760549	489.5969	179.55466	872.03894	-1.7032892	5.023614	0.40366867	7.65753	3.6473765	1.0005289	1.0672802	7.052965	-11.583427	-428.72174	85.61571	85.58855	0.0066498253	-0.00027216217	-0.20729351	0.8131646	-0.16013896	2.4768467	11.905696	-1.0005282	0.5136361	203.37723	4342.311426639557
22	1744.3501	622.0517	2578.564	51.377193	1763785.0	724539.94	2634453.0	24387.719	12.587174	2.3833637	19.082355	5.7983036	10.893746	3.8435779	14.368164	0.18783988	288.0	288.0	0.0	0.0	34802.555	0.05043848505434782	660001.0	489.0512	179.86292	875.2246	1.2783754	489.05014	179.86734	874.7224	1.0826733	5.01392	0.3631353	7.43597	3.6209648	0.99977165	1.0630316	8.512604	-11.399906	-426.69272	85.83279	85.80186	0.005978227	0.00031224333	-0.20537782	0.81483	-0.04995674	2.5030997	12.222408	-0.9997713	0.5518415	202.29445	4544.5968108177185
23	1599.6805	605.93896	2638.246	85.16785	1738538.0	637664.44	2719538.8	583369.6	12.2209425	2.6365616	18.863245	2.9537332	9.489003	2.2305162	13.471813	6.3799043	288.0	288.0	0.0	0.0	36077.44	0.05010755750868055	690001.0	488.96143	180.50041	878.8473	4.556195	488.96005	180.50423	876.0006	1.0729644	4.9919353	0.35882172	7.30587	3.6817436	0.99995047	1.0613943	9.7811985	-11.977553	-427.68924	86.22349	86.1832	0.006076783	0.00014117295	-0.20768213	0.81297714	0.21076337	2.489442	12.06046	-0.99995035	0.5019226	202.74608	4747.347446203232
24	1707.5658	616.3896	2594.2798	80.88331	2198869.2	782378.1	2760171.2	5910.0	12.505179	2.691665	22.19957	6.5128846	9.019447	3.1415033	11.538105	0.0	288.0	288.0	0.0	0.0	37379.605	0.04983947395833333	720001.0	489.70264	180.78477	880.0418	6.369293	489.7022	180.78671	878.99774	6.0340786	5.021892	0.35664085	7.2577906	3.6585338	1.0003033	1.0704231	10.14954	-12.521833	-429.9746	86.996155	86.97461	0.006149413	-0.00012105749	-0.21131146	0.81000364	-0.15692326	2.4571748	11.679193	-1.0003029	0.51485634	203.14104	4950.4752514362335
25	1740.108	628.50275	2615.91	48.36893	1578708.8	740849.44	2658212.8	188365.77	12.258606	2.7378666	21.92426	5.570802	7.4138956	2.546622	11.061888	1.8205397	288.0	288.0	0.0	0.0	38656.387	0.04955947015224359	750001.0	489.65198	180.7919	872.231	5.4451323	489.65234	180.79124	870.3684	3.5446012	5.006374	0.35356718	7.1761518	3.6281478	1.0003672	1.0617714	8.595573	-11.919439	-427.75293	86.28252	86.281265	0.0060095256	-0.00017973401	-0.2081902	0.8125171	0.028832698	2.4970963	12.1481	-1.0003672	0.56796193	204.07324	5154.561695814133
26	1780.5853	565.80927	2583.07	112.81774	1657362.1	853575.1	2587920.8	0.0	13.096493	2.51464	19.79457	8.115182	6.502266	3.093821	11.113864	0.0	288.0	288.0	0.0	0.0	40021.504	0.049409264081790125	780001.0	490.29166	179.78801	868.34125	7.4943485	490.29263	179.78738	865.83264	7.2469063	5.028979	0.3589533	7.3016987	3.6176832	1.0001731	1.0497297	9.912288	-12.441537	-428.46768	85.749435	85.73326	0.006026724	-1.3480631e-05	-0.20295787	0.816942	-0.27194458	2.489887	12.073327	-1.0001724	0.52976465	205.43576	5359.986873149872
27	1731.3699	603.1699	2606.3948	59.941803	2021241.2	610611.9	2761486.5	973320.9	12.001934	2.281944	17.195896	2.9751387	8.97038	1.6432945	11.084778	5.5806737	288.0	288.0	0.0	0.0	41273.754	0.04913542131696429	810001.0	489.64246	180.89561	866.55	-0.47392774	489.64172	180.89766	867.3119	-0.65043116	4.9482923	0.33533207	7.270797	3.4502442	0.99981344	1.0644262	7.552511	-12.812708	-430.26376	86.46848	86.448685	0.0057199495	0.00030537572	-0.22314192	0.80093354	0.7135404	2.4645627	11.78388	-0.9998132	0.5509608	204.40538	5564.391182184219
28	1670.243	634.74603	2612.9397	78.955986	1786979.8	671364.2	2320726.2	73701.33	11.939962	2.1925147	17.305098	4.578914	10.60998	3.0486283	13.184916	2.0282612	288.0	288.0	0.0	0.0	42510.312	0.04886242816091954	840001.0	491.97876	180.64835	866.7415	0.28435767	491.97745	180.65233	865.07324	-0.015542269	5.0263786	0.35809767	7.2957997	3.560181	1.0000445	1.051708	5.954611	-12.928482	-430.75934	86.90563	86.85833	0.005985012	9.052313e-05	-0.2220271	0.80164194	-0.21222946	2.481452	11.965932	-1.0000445	0.5136237	202.92496	5767.341915607452
29	1672.9967	692.6246	2620.034	78.93079	1644148.5	854195.2	2324948.5	0.0	12.768238	3.0349584	21.882359	4.287479	6.616867	3.70983	12.4384	0.0	288.0	288.0	0.0	0.0	43845.18	0.04871686631944445	870001.0	492.0602	181.42586	868.3084	5.6522574	492.06064	181.42638	868.12384	5.6873093	5.0103054	0.38197854	7.512247	3.6010473	1.0001976	1.0611985	4.9024463	-13.984565	-432.51688	87.665016	87.596794	0.0062781544	-3.7155285e-05	-0.2380434	0.78880847	-0.03836886	2.4569407	11.671303	-1.0001976	0.54246354	203.5993	5970.9159598350525
30	1655.4355	668.30597	2615.084	62.442333	1923060.2	536974.75	2344929.8	610211.2	12.456432	2.5891895	17.91422	4.9032407	9.515861	2.3388853	14.327624	6.8715863	288.0	288.0	0.0	0.0	45142.312	0.048540120967741934	900001.0	493.46466	182.31604	862.6382	2.076702	493.46542	182.31474	864.5076	1.3177767	4.995551	0.3943496	7.4464545	3.7323284	1.0000336	1.0545273	5.2416286	-12.966181	-434.6341	87.43923	87.388885	0.006290771	7.9176854e-05	-0.22734137	0.7971165	0.136507	2.4473286	11.562625	-1.0000337	0.59823203	202.42029	6173.350055932999
31	1691.4282	592.81683	2551.9236	102.081566	1801487.2	669243.9	2527526.5	637544.5	12.233922	2.2693992	18.480787	5.507519	10.007109	2.4593596	14.237341	6.628527	288.0	288.0	0.0	0.0	46416.2	0.04835020751953125	930001.0	493.74365	182.47472	872.19653	5.084751	493.74316	182.47525	871.869	5.867503	5.0014777	0.36895442	7.345744	3.7854369	0.9998242	1.0581397	7.5503716	-13.363139	-435.89078	87.225815	87.15347	0.0062061106	0.0002483113	-0.23995489	0.78726155	0.06667987	2.4291642	11.351863	-0.99982435	0.51351476	204.05447	6377.39998626709
32	1606.8967	604.00085	2643.8406	132.5516	1822307.2	944742.06	2745296.2	180.0	13.356757	3.146259	23.526108	6.694153	7.772832	3.9577792	13.068707	0.0	288.0	288.0	0.0	0.0	47809.66	0.04829258601641414	960001.0	493.62958	181.42703	865.53735	9.060155	493.63034	181.42606	868.9819	9.254466	5.041349	0.42191875	7.766707	3.8829536	1.0004997	1.0610104	7.4284296	-10.863675	-436.39548	86.056915	86.0188	0.006675248	-0.0002786452	-0.25631458	0.77450013	-0.40748683	2.4094417	11.139047	-1.0005002	0.5727811	203.52203	6580.9186000823975
33	1586.3417	656.94366	2556.4119	96.282616	1458044.2	607024.56	2265922.5	0.0	12.937036	2.4436758	18.618032	7.2389684	8.371747	3.535837	14.609495	0.0	288.0	288.0	0.0	0.0	49154.438	0.048190625	990001.0	490.54523	182.10182	864.045	5.267894	490.5442	182.1043	861.5922	5.047835	4.9995284	0.4030872	7.4712024	3.7511241	0.9999131	1.0568334	5.320704	-14.420416	-433.00854	85.945816	85.89141	0.006414563	0.00019179707	-0.22396617	0.7997935	0.07948301	2.423143	11.289946	-0.999912	0.5284748	202.66647	6783.582803010941
34	1611.5156	684.767	2639.8718	88.85578	1463082.1	537516.8	2162080.5	84900.94	12.099656	2.3820357	17.933346	6.5968704	8.746075	3.2338116	13.147124	1.6901604	288.0	288.0	0.0	0.0	50415.74	0.04801498883928571	1020001.0	490.32297	183.06963	860.906	5.259841	490.3231	183.07047	860.1886	5.4919777	5.011448	0.3830073	7.3475575	3.5353143	0.99985695	1.0452788	4.8885775	-10.114645	-429.73492	86.24746	86.2018	0.0061384104	0.00021091451	-0.22124104	0.8021672	-0.06576573	2.473727	11.8701105	-0.9998572	0.5495784	202.58746	6986.160913944244
35	1663.8427	587.98444	2604.005	62.64762	1821275.4	694556.06	2611632.8	19890.0	12.263491	2.4085085	18.792377	5.33452	8.950441	3.38691	12.236152	0.0	288.0	288.0	0.0	0.0	51690.383	0.04786146556712963	1050001.0	490.2592	183.21327	860.2718	3.505447	490.259	183.21391	858.2571	3.449595	5.008072	0.37828028	7.2580786	3.6020195	1.0002614	1.0498269	6.9361167	-11.299636	-431.7771	86.18496	86.12308	0.006186638	-9.8330325e-05	-0.23408648	0.79180926	-0.06366843	2.4382915	11.454729	-1.0002621	0.51630044	203.64586	7189.81516456604
36	1591.0728	716.8283	2611.377	44.802334	1873014.2	627145.75	2604657.5	569155.6	12.452235	2.899872	19.492723	3.107381	9.357162	1.0124171	11.020791	8.099905	288.0	288.0	0.0	0.0	52990.45	0.04773914344031532	1080001.0	489.3264	182.22939	855.1911	0.40447903	489.32706	182.22845	855.95764	1.7506068	5.003397	0.39987022	7.3043194	3.774139	1.0001132	1.0521405	11.981903	-11.728308	-431.1655	84.70685	84.67985	0.006486648	1.1823384e-05	-0.24027793	0.7869536	-0.027406275	2.4335072	11.401836	-1.0001134	0.56551266	203.87267	7393.706738948822
37	1691.078	673.17096	2591.5122	73.66779	1590842.9	686952.1	2643134.5	283010.3	12.103118	2.39843	18.914894	4.9754915	9.92143	2.544585	12.713339	3.963179	288.0	288.0	0.0	0.0	54251.363	0.047588915158991225	1110001.0	488.05606	183.64363	852.41864	5.1603928	488.05634	183.64377	852.76764	5.3156886	4.995932	0.3556599	7.3869963	3.7435744	1.0001383	1.0457056	6.891519	-11.307682	-428.08746	85.362	85.335144	0.0060498775	-1.2906559e-05	-0.22439086	0.79946756	0.057181623	2.4660764	11.778879	-1.000138	0.5820565	205.21646	7598.921900033951
38	1725.7115	595.45	2664.2942	98.94232	1682296.8	487200.5	2500072.8	721369.3	12.523543	2.373878	20.428831	7.040676	12.574938	1.982757	16.795614	10.121167	288.0	288.0	0.0	0.0	55555.367	0.04748321981837607	1140001.0	488.3753	184.85568	854.36163	8.377758	488.37527	184.85646	855.28754	8.535409	5.0004497	0.35951847	7.2697377	3.8790836	1.0002097	1.0591161	8.50958	-12.673282	-430.6707	85.99978	86.01705	0.0062443814	-4.7892507e-05	-0.25082898	0.7787367	-0.005983765	2.4262426	11.319398	-1.0002097	0.5156324	204.61945	7803.5235686302185
39	1694.323	499.26028	2607.5652	73.756714	1973423.0	483919.3	2538836.8	1149230.5	12.260626	2.3179016	17.943712	3.2602873	10.488695	2.382984	14.206335	6.364259	288.0	288.0	0.0	0.0	56834.95	0.047362457682291664	1170001.0	489.3554	183.22063	847.999	6.2262497	489.35577	183.22067	849.92926	7.552957	4.9996085	0.39129755	7.589042	3.6501102	1.0002189	1.0500805	4.566435	-12.010456	-430.86462	85.59227	85.63905	0.0063794106	-6.523139e-05	-0.23141211	0.7940099	0.0036917806	2.4399092	11.4770975	-1.0002186	0.51307106	203.83237	8007.354797840118
40	1721.3999	628.0442	2628.7483	84.58996	1732116.6	634520.0	2412188.5	721355.06	12.024799	2.2925587	21.21994	7.722215	8.095754	1.6301907	10.02882	4.3984995	288.0	288.0	0.0	0.0	58082.44	0.04722149707825203	1200001.0	489.50424	182.11198	855.05664	7.257491	489.5046	182.11142	854.3323	8.210536	4.990198	0.38581192	7.3337493	3.66683	0.99954987	1.055891	4.484533	-13.634805	-430.83554	85.548874	85.60772	0.006288458	0.00045906552	-0.22388583	0.7999607	0.11574395	2.4446578	11.533544	-0.99954957	0.609915	206.8746	8214.269441366196
41	1704.9851	605.84283	2573.5393	68.97062	1618282.6	552723.7	2691399.8	545905.0	12.272989	2.3116755	22.328619	5.4295616	7.201743	1.3356221	9.591371	4.921369	288.0	288.0	0.0	0.0	59362.957	0.04711345796130952	1230001.0	490.518	183.38153	850.70276	6.393728	490.51822	183.38083	853.88916	5.585126	5.009609	0.34933305	7.3372273	3.563768	1.0004671	1.0441668	5.576606	-12.713624	-431.04166	86.39405	86.4559	0.0059498725	-0.000248141	-0.2248747	0.799206	-0.10617447	2.4545422	11.649121	-1.0004667	0.5584729	207.494	8421.736453533173
42	1775.9619	629.1634	2643.0737	66.6383	1795911.0	626238.2	2383441.2	6702.058	12.834912	2.1809537	18.178783	6.9089756	7.3347154	3.1400936	12.879831	0.4030804	288.0	288.0	0.0	0.0	60701.53	0.04705545058139535	1260001.0	488.48746	184.12827	847.0168	4.8113103	488.4875	184.12868	846.1929	4.9228363	4.998077	0.34573433	7.244577	3.6288993	1.0001271	1.0553155	4.5333633	-12.847523	-430.26648	86.59853	86.66856	0.0059907087	1.6669495e-05	-0.23690568	0.7895735	0.018642316	2.4351327	11.423688	-1.0001279	0.55826545	205.20303	8626.926003932953
43	1723.2219	634.8265	2655.4158	164.69524	1872578.4	635218.0	2620667.5	472115.94	12.680815	2.1545653	18.78623	7.752975	10.343947	2.2030787	13.83657	7.3337445	288.0	288.0	0.0	0.0	62022.02	0.04698637843276515	1290001.0	488.24277	184.14757	851.4274	2.7313435	488.24286	184.14757	847.4108	3.986698	4.9974847	0.37910044	7.3514485	3.6491888	0.99994653	1.0383382	3.865428	-10.535722	-427.01947	86.827736	86.90205	0.006208605	0.00014695016	-0.2089065	0.8118525	0.032016262	2.4866693	12.024	-0.999947	0.5340996	204.9565	8831.900283575058
44	1673.0983	546.62555	2593.4995	65.81084	1949924.6	560224.0	2615690.8	997584.4	12.260244	2.174633	19.297478	5.342261	12.161249	1.9393141	14.75264	8.733017	288.0	288.0	0.0	0.0	63300.26	0.04688908275462963	1320001.0	488.07263	183.29175	846.81976	8.065264	488.07266	183.29141	845.97675	8.827341	5.007638	0.35633466	7.3957686	3.7718291	1.0001421	1.0423704	5.1584883	-14.5017185	-426.35895	86.27871	86.35067	0.0059591006	-1.2593905e-06	-0.21942516	0.80362254	-0.08479244	2.492336	12.096586	-1.000142	0.5639343	204.9139	9036.809074878693
45	1724.0325	632.28064	2614.1597	56.18774	1937866.6	744861.25	2712413.8	134337.66	11.923788	2.282004	20.793606	4.55756	9.703132	2.880449	13.930846	2.8311775	288.0	288.0	0.0	0.0	64544.574	0.0467714305932971	1350001.0	488.59454	182.99672	846.3212	7.0413494	488.59503	182.99579	846.0233	5.922483	4.980632	0.34689426	7.3042035	3.7349489	1.0000896	1.0371772	6.3191	-13.5774555	-427.4141	86.33021	86.40438	0.005880913	4.044237e-05	-0.22782676	0.7967767	0.23307592	2.48937	12.057212	-1.000089	0.52156925	205.42438	9242.227604866028
46	1702.6716	664.65955	2620.2546	72.58219	1833306.0	561109.5	2352211.8	462048.38	12.877481	2.9072962	27.832893	5.803228	11.568234	3.5396445	15.587764	3.2612364	288.0	288.0	0.0	0.0	65882.086	0.04672488364361702	1380001.0	489.50745	183.56456	850.8965	5.627248	489.50745	183.56459	850.3204	6.653357	4.9919887	0.37284952	7.4531145	3.7310565	0.9998782	1.0492635	7.892816	-11.552986	-430.3236	86.353745	86.44428	0.0061850026	0.00020935925	-0.24627869	0.7823168	0.09296994	2.4536765	11.634196	-0.9998785	0.5695944	204.40047	9446.61798453331
47	1789.8666	550.9144	2639.2786	110.2311	1828047.0	408898.53	2299389.8	1174539.1	12.875077	2.6328597	21.308601	6.708633	10.457796	2.0341916	13.021023	6.7625995	288.0	288.0	0.0	0.0	67226.34	0.0466849609375	1410001.0	490.13428	184.12158	847.9169	6.237981	490.1333	184.12238	850.64026	5.738559	5.0039153	0.3756982	7.6021852	3.7477105	1.000285	1.0497731	4.627853	-13.268209	-429.9206	87.45264	87.535355	0.0061396584	-9.829618e-05	-0.22996376	0.7951442	-0.043282885	2.4686077	11.809561	-1.0002853	0.6054907	202.89674	9649.505602121353
48	1737.6685	599.6538	2673.9648	80.68829	2158709.5	548129.6	2736440.2	657206.1	12.878582	2.0934074	18.09268	7.185092	9.340799	2.2493885	12.681059	3.9602065	288.0	288.0	0.0	0.0	68566.03	0.046643558673469386	1440001.0	492.37897	185.5451	857.23627	7.590273	492.37814	185.545	861.64813	7.8362994	5.0019116	0.29242483	7.1843038	3.830601	1.0002365	1.0445113	6.431514	-12.101097	-432.57614	89.00455	89.08263	0.0054379455	-8.583722e-05	-0.23347718	0.79239726	-0.022950137	2.4621785	11.732942	-1.0002363	0.51414347	203.16057	9852.677996873856
49	1698.8607	614.6227	2580.5916	101.45479	1930419.6	654239.9	2795756.2	521023.66	12.420009	2.344223	19.730036	7.704672	12.306197	2.707342	15.718312	6.6477876	288.0	288.0	0.0	0.0	69859.625	0.046573083333333334	1470001.0	493.95807	185.2656	851.8599	5.412284	493.95822	185.26521	856.05206	5.777026	4.9937544	0.28455442	7.0257473	3.660783	1.0001131	1.0543553	4.8003626	-11.842518	-435.68466	88.78397	88.875725	0.0053182375	2.8685577e-05	-0.26524353	0.7676184	0.072725505	2.4378214	11.451102	-1.000113	0.57237434	206.45993	10059.141130924225
50	1708.9584	620.4899	2636.531	100.57492	1267518.0	559000.25	2154521.0	0.0	12.901114	2.2322068	21.124653	7.9027886	8.3268795	3.1696012	11.326184	0.0	288.0	288.0	0.0	0.0	71203.7	0.04653836805555556	1500001.0	494.47736	185.06323	852.4646	4.5377746	494.4772	185.06383	855.2201	3.822049	5.004868	0.35767275	7.5863037	3.691029	1.0000256	1.0693129	10.344431	-10.8820505	-436.6762	88.49144	88.57367	0.006084667	9.617815e-05	-0.2597548	0.7718416	-0.054470804	2.4276586	11.332916	-1.0000257	0.57522464	209.94638	10269.094465970993
51	1704.6929	666.9873	2669.568	72.573074	1698020.4	572319.44	2500110.0	406597.53	12.644663	2.098027	17.476885	5.8601084	11.226667	2.1425948	15.324653	7.380362	288.0	288.0	0.0	0.0	72520.53	0.04648752003205128	1530001.0	493.80698	185.50513	855.8069	3.5268912	493.80704	185.50603	858.5066	3.9187076	4.9826803	0.32294226	7.4098716	3.7000215	1.0003037	1.0459894	9.1019535	-11.752586	-434.87234	88.9687	89.04102	0.005552094	-0.00012128305	-0.24058518	0.78671336	0.20291537	2.4509203	11.605759	-1.0003036	0.51989293	208.5283	10477.61821103096
52	1676.1367	643.0089	2666.873	66.6797	1894740.2	664031.5	2752025.5	610006.2	12.033179	2.1023946	17.202827	5.6432304	10.877305	1.7171082	13.41837	7.5717554	288.0	288.0	0.0	0.0	73776.02	0.046400014740566035	1560001.0	496.07227	185.427	853.5076	1.950928	496.07184	185.4264	853.9928	2.2241323	5.0046563	0.31917098	7.2874827	3.6451101	0.9997487	1.0643873	5.461151	-12.154114	-438.72638	88.57554	88.65332	0.005564515	0.0002851029	-0.26169577	0.77020305	-0.04903346	2.4194708	11.243535	-0.9997487	0.528852	217.41212	10695.021653413773
53	1784.0048	509.1218	2597.669	152.88089	1565147.5	799177.4	2617133.8	0.0	12.636709	2.1002772	19.399153	8.160278	8.8998375	3.9393349	13.306639	0.0	288.0	288.0	0.0	0.0	75090.06	0.046351890432098766	1590001.0	496.10452	185.38525	854.18195	5.2124414	496.10394	185.38553	855.7644	5.1328325	5.0059423	0.29480872	7.158034	3.718362	1.0003294	1.0531163	4.7588253	-13.018561	-437.24408	89.30212	89.381874	0.0052298116	-0.00015708836	-0.24449557	0.78363866	-0.06803286	2.4454463	11.540296	-1.0003291	0.51882505	215.34746	10910.382421731949
54	1821.2573	576.5278	2645.4001	99.8913	1424724.8	750771.1	2408187.2	0.0	12.278902	1.9665982	16.533442	7.6886353	9.080258	4.55096	16.028316	0.0	288.0	288.0	0.0	0.0	76369.22	0.046284375	1620001.0	496.54877	184.77238	854.8522	5.8216805	496.54865	184.77226	856.8888	6.378003	5.010077	0.3272933	7.3289733	3.7193184	1.0001374	1.0510073	4.4258494	-12.6809225	-437.59213	89.02605	89.09762	0.0055235075	-1.2283262e-05	-0.23933789	0.7877237	-0.114432774	2.4458132	11.547179	-1.0001374	0.5187504	212.26431	11122.633604049683
55	1758.4901	515.6951	2668.812	102.9067	1852131.0	715406.1	2502666.2	25107.271	12.526152	2.0133386	17.53485	7.319751	9.365138	3.4562733	12.839068	0.51085323	288.0	288.0	0.0	0.0	77673.52	0.046234240141369044	1650001.0	496.39755	184.49309	850.8596	4.665401	496.3976	184.49289	854.0509	6.8325295	5.0027137	0.2999192	7.1420436	3.7765527	1.0001328	1.0582463	8.302289	-12.579313	-440.0399	89.22373	89.29272	0.005302027	-5.6043705e-06	-0.24483517	0.78323376	-0.035336055	2.4020736	11.047357	-1.0001322	0.54742	204.38654	11327.016978502274
56	1724.3868	640.88275	2625.4744	76.575966	1896750.2	602385.5	2690379.8	518703.34	12.032847	2.1946137	16.559776	6.1551013	9.53356	1.9221352	12.94392	6.328245	288.0	288.0	0.0	0.0	78926.85	0.04615605354532164	1680001.0	496.2236	183.27592	853.3337	6.684498	496.22443	183.2746	858.88776	8.337074	5.0018888	0.3623578	7.3500414	3.8350422	0.9997443	1.0419616	8.442656	-11.996749	-435.52966	88.056625	88.106606	0.0055280947	0.00030476067	-0.21532634	0.80688494	-0.01710568	2.476765	11.909559	-0.99974453	0.5231681	203.25175	11530.268404483795
57	1684.4525	626.1114	2662.9692	84.69398	2056158.8	455915.75	2756515.5	1271678.0	12.556031	2.3327487	18.550734	5.7508116	10.685858	1.7701694	13.894262	8.40079	288.0	288.0	0.0	0.0	80234.29	0.04611166038074713	1710001.0	498.59906	184.11542	853.21246	6.418883	498.59903	184.11395	860.9522	6.646364	5.0019345	0.31963798	7.2750497	3.758686	1.0002083	1.0553383	11.389361	-11.575628	-441.16794	88.15231	88.187035	0.005444915	-5.5793207e-05	-0.2637598	0.7688328	-0.0263021	2.4211216	11.265291	-1.0002085	0.494941	204.70908	11734.979308366776
58	1706.811	551.7721	2688.2505	100.46982	1422590.5	854137.3	2594181.8	5670.0	12.668932	2.3533833	19.669638	7.765831	5.5764537	2.6784348	9.00243	0.0	288.0	288.0	0.0	0.0	81554.4	0.04607593132062147	1740001.0	501.16315	184.38014	856.7616	6.3820977	501.1645	184.37662	869.29504	6.9649124	4.997482	0.35386252	7.4703417	3.7793462	0.9999382	1.0732309	6.9118705	-11.510534	-445.19293	88.3937	88.41648	0.0057122624	0.00015011722	-0.2676878	0.7657405	0.029302422	2.3967242	10.988281	-0.99993813	0.5425472	205.48029	11940.47306227684
59	1768.933	561.3704	2636.5747	117.45314	1749767.8	607091.6	2752815.8	485094.03	12.22986	2.266107	18.273867	7.596279	8.334424	2.5382116	13.036565	4.369289	288.0	288.0	0.0	0.0	82828.35	0.04601575086805555	1770001.0	501.7494	185.06482	851.70123	6.7024064	501.75024	185.06183	858.8798	6.696695	4.9902472	0.38505957	7.6667576	3.6876216	1.0001245	1.0664372	6.113595	-13.936186	-445.27585	89.58494	89.60467	0.006127608	1.01858295e-05	-0.25750712	0.7735097	0.110958174	2.406925	11.103518	-1.000125	0.54645276	203.8874	12144.352475881577
60	1724.26	564.6434	2595.0212	68.0966	1814173.6	886907.75	2602626.5	68747.99	12.543388	2.5137749	20.594837	6.0298295	7.128216	2.1156487	10.292512	3.2951498	288.0	288.0	0.0	0.0	84135.71	0.04597579832650273	1800001.0	501.67587	184.6333	855.2814	7.5179377	501.676	184.63199	861.8078	6.85244	5.016234	0.41949666	7.8561273	3.763922	0.9999932	1.0492138	9.746598	-13.794056	-443.18677	89.82775	89.86239	0.006090443	9.475695e-05	-0.23244153	0.7930904	-0.17730173	2.4367688	11.444937	-0.9999936	0.558707	212.07611	12356.485121011734
61	1685.9751	622.96893	2643.6677	72.31278	2027362.4	340629.72	2370796.5	1242497.5	12.587434	2.6899025	20.6937	7.0251365	7.648263	2.1589146	11.476983	4.6629553	288.0	288.0	0.0	0.0	85447.17	0.04593933971774194	1830001.0	500.4326	184.99632	855.00146	5.316534	500.4335	184.99454	856.347	5.93702	5.03474	0.38622427	7.5687356	3.8392103	1.000299	1.0470237	6.276655	-11.776455	-441.84622	89.8258	89.85336	0.0058685457	-0.00012737338	-0.24319294	0.7847687	-0.41690508	2.4337926	11.419142	-1.0002983	0.5735097	221.28317	12577.715366363525
62	1717.1277	599.359	2630.452	72.406494	1660921.0	740811.0	2579844.5	70611.18	12.474848	2.4103363	19.650204	6.5297904	8.35893	2.5788038	12.825323	2.4693768	288.0	288.0	0.0	0.0	86746.555	0.045897647982804234	1860001.0	500.54465	184.4662	856.7454	6.019997	500.54526	184.46402	857.53925	6.7379827	4.965365	0.3942448	7.8356214	3.8461065	1.0000935	1.0810949	6.347959	-13.362995	-444.06915	89.99314	90.01884	0.006141885	3.862171e-05	-0.27016747	0.76408345	0.41083995	2.4117527	11.165612	-1.000094	0.5816319	222.94052	12800.670087099075
63	1630.2175	611.58044	2641.4062	74.15832	1625825.8	425612.97	2466255.8	1180584.8	12.702643	2.5876265	22.104223	7.6429925	12.012072	1.536824	14.450149	9.429739	288.0	288.0	0.0	0.0	88069.27	0.045869413248697914	1890001.0	502.33142	183.5167	858.93475	5.7645636	502.33185	183.51572	864.0127	6.2132397	5.013467	0.41971788	7.9418116	3.8052156	1.0001289	1.0569855	9.206887	-13.120184	-443.5686	89.62505	89.64874	0.006341001	8.459703e-06	-0.23778272	0.7891347	-0.14726077	2.442276	11.508253	-1.0001296	0.5379741	206.72981	13007.37907409668
64	1673.5769	641.07904	2626.8987	47.492977	1906362.4	425760.12	2607993.8	1343969.6	12.612654	2.5615048	20.566643	4.1145425	9.342949	1.9093176	12.199707	6.4688816	288.0	288.0	0.0	0.0	89385.84	0.04583889423076923	1920001.0	501.1044	184.42114	858.4717	4.9656153	501.10425	184.42146	864.6552	5.5311155	5.002082	0.38505462	7.653622	3.7552261	0.99991715	1.0541996	8.343083	-11.970087	-442.39264	91.19548	91.214	0.005930494	0.00017493384	-0.23796904	0.78874505	-0.020253476	2.4440722	11.523489	-0.9999173	0.5442567	208.06161	13215.453822135925
65	1703.7921	591.1279	2667.9639	79.220375	1842890.4	391970.7	2727812.2	1311412.6	12.365246	2.7164664	19.971869	5.5663114	9.534853	1.9025978	14.035117	7.108004	288.0	288.0	0.0	0.0	90671.18	0.04579352509469697	1950001.0	501.3811	183.57675	857.62006	8.739166	501.38113	183.57683	863.02515	9.196511	5.017877	0.42218858	7.9029636	3.9230182	1.0001392	1.0665145	13.155596	-11.567734	-442.31247	90.40317	90.420334	0.0062663527	1.0264206e-05	-0.22326367	0.80076766	-0.20766543	2.4466848	11.556202	-1.0001391	0.51451874	207.87675	13423.313324213028
66	1677.5529	600.9647	2585.6992	119.27248	1718119.6	799126.2	2711835.8	55212.793	12.678247	2.6766737	20.691618	7.3274536	9.243464	3.3240464	12.250701	0.4932532	288.0	288.0	0.0	0.0	91992.18	0.045767253575870644	1980001.0	500.64807	182.91238	863.5754	6.3422766	500.64746	182.91364	864.485	6.1124687	4.994613	0.42352	7.9520235	3.8491998	1.0004789	1.0472308	5.940141	-11.776241	-439.75546	91.05007	91.07161	0.0061656963	-0.00025614258	-0.21732137	0.8053916	0.076159604	2.4826484	11.973705	-1.0004785	0.60549355	204.14975	13627.479409217834
67	1734.4675	595.5895	2646.2373	79.16911	1829161.8	500061.3	2465778.0	810688.3	11.952103	2.1790724	18.876568	5.12522	10.647645	2.000049	12.985594	6.3201885	288.0	288.0	0.0	0.0	93238.11	0.045704955575980394	2010001.0	500.9741	182.17265	861.0591	8.67564	500.97397	182.17372	862.90076	9.168473	4.989781	0.4263551	7.8512664	3.8262932	0.9998947	1.0640993	5.3797445	-13.303033	-443.1118	91.18265	91.19597	0.0063623735	0.00021556452	-0.2163953	0.80591255	0.120217584	2.43172	11.3794985	-0.9998942	0.53102946	204.82228	13832.286132097244
68	1742.4902	558.245	2607.4683	70.08904	1821305.8	700893.9	2714739.8	673073.5	12.220692	2.4785974	21.48625	5.034856	9.883347	2.028074	12.636766	6.4422297	288.0	288.0	0.0	0.0	94511.32	0.04565764266304348	2040001.0	500.9394	181.20277	853.1408	6.6488237	500.93887	181.20404	857.1976	5.148599	5.009557	0.41114846	7.870935	3.8858004	1.0003234	1.0421296	4.7307343	-12.996168	-439.8037	90.924576	90.95521	0.006126245	-0.00014036018	-0.18420012	0.8323235	-0.1081962	2.482897	11.983066	-1.0003238	0.5554075	205.15489	14037.44474697113
69	1725.9417	519.3961	2599.472	179.59749	1727275.2	719159.06	2608778.5	182591.88	12.384257	2.2434163	22.88181	7.544997	10.076212	2.2026236	12.681627	6.87268	288.0	288.0	0.0	0.0	95798.61	0.045618385416666664	2070001.0	502.38995	180.29669	855.22504	5.8241224	502.38995	180.29736	861.5775	5.4189672	4.998557	0.42729428	8.057828	3.7747521	1.0001348	1.0474603	4.9962845	-12.264418	-442.40942	90.481255	90.50561	0.0063204793	1.4070749e-05	-0.19164838	0.82615924	0.009056332	2.4657605	11.778023	-1.0001347	0.55963445	203.89136	14241.344848632812
70	1768.0519	600.83527	2634.4062	101.88674	1630108.8	728578.2	2394488.0	315174.72	12.41621	2.5100095	22.641079	6.8820148	10.383844	2.4479067	14.661356	6.6871037	288.0	288.0	0.0	0.0	97096.94	0.04558541666666667	2100001.0	503.4341	178.78499	852.16125	8.050515	503.4334	178.78639	856.58453	7.803031	4.9960723	0.37199575	7.752697	3.8985803	0.9998892	1.0516118	6.7857904	-14.045273	-442.26566	90.9007	90.93252	0.005657316	0.00023284396	-0.18716188	0.8302496	0.05341441	2.4861786	12.020411	-0.9998889	0.53989935	208.64378	14449.992007493973
71	1610.7109	631.1014	2608.4456	90.34462	1948117.6	665608.1	2579469.5	276541.12	12.31415	2.331304	19.42488	7.8975425	9.553438	2.7051911	13.056417	3.004184	288.0	288.0	0.0	0.0	98376.28	0.04554457465277778	2130001.0	502.6899	179.63803	861.11237	9.30803	502.69034	179.63899	863.3626	9.225942	4.9946218	0.33199668	7.5549345	3.8829317	1.0001829	1.0439819	4.7616596	-11.447052	-440.9447	91.49636	91.528336	0.0052918247	-2.3670595e-05	-0.17783785	0.8375321	0.07154257	2.4962432	12.138322	-1.0001831	0.5415187	204.67339	14654.660450935364
72	1777.1309	601.705	2620.732	45.30617	2073869.0	477629.78	2590255.8	1195033.0	12.147068	2.4953074	22.719639	1.7599876	10.668355	1.2943964	12.588064	8.3612995	288.0	288.0	0.0	0.0	99641.516	0.04549840896118722	2160001.0	503.56906	180.5645	857.6095	5.619754	503.56885	180.56572	858.90546	5.0285645	5.004748	0.32825232	7.6098747	3.7299747	1.0001413	1.054093	6.508632	-12.46212	-443.36166	91.849686	91.90318	0.005325923	1.3623412e-05	-0.199342	0.8198424	-0.0583365	2.4686306	11.808075	-1.000142	0.53827024	209.2643	14863.936385154724
73	1646.9174	625.063	2655.5127	83.6229	1880821.2	450835.22	2495477.2	1171717.0	12.375901	2.45027	19.191484	6.441859	10.382772	1.8514088	12.663037	6.9611816	288.0	288.0	0.0	0.0	100932.0	0.04546486486486487	2190001.0	503.24124	180.98471	859.1192	7.9073505	503.2412	180.98575	858.8031	7.1645527	4.984097	0.31633967	7.4736104	3.817158	0.9998759	1.064325	6.5126786	-12.745058	-442.8157	91.469666	91.51372	0.0052737542	0.00022907947	-0.20003277	0.8193382	0.19334382	2.4761233	11.899591	-0.9998766	0.5489738	204.85884	15068.804647684097
74	1666.6406	671.6312	2548.832	56.110794	1486503.8	1002367.06	2575566.2	60480.0	12.359692	2.5052502	19.554611	5.9375925	6.510376	4.4573264	13.821724	0.0	288.0	288.0	0.0	0.0	102218.21	0.045430315972222225	2220001.0	504.01398	181.77946	856.83105	-2.2786562	504.01343	181.78082	866.2007	-1.6924653	4.996745	0.2761689	8.213179	3.9396453	0.9999604	1.063465	9.249421	-12.627275	-444.28964	91.62393	91.67386	0.005074234	0.0001483782	-0.20778102	0.8130047	0.042682506	2.4620404	11.731825	-0.99996006	0.57358456	205.26938	15274.063990831375
75	1728.9355	610.74664	2663.9778	72.9338	2016675.2	467309.47	2730416.2	1295928.4	12.628145	2.2365272	20.21366	5.9836793	8.502884	1.5468069	10.931082	5.975056	288.0	288.0	0.0	0.0	103533.65	0.04540949492872807	2250001.0	504.83438	182.27415	863.87616	2.2178628	504.83362	182.27512	863.7951	1.7791817	5.036469	0.2711791	7.348943	3.9495847	1.0006503	1.0471491	4.3940206	-13.653509	-446.1038	92.28188	92.32999	0.0049579376	-0.0003958857	-0.21534266	0.80698067	-0.4382748	2.4359922	11.440958	-1.0006504	0.51686335	206.15858	15480.223765611649
76	1713.824	640.75244	2594.5251	58.737915	1626352.6	576792.1	2137553.5	138366.45	11.784001	2.405638	19.117218	5.396334	9.732856	1.8896853	12.723272	5.79203	288.0	288.0	0.0	0.0	104761.664	0.045351369724025974	2280001.0	503.0123	181.83827	862.03595	6.7066383	503.01147	181.84021	860.991	5.6924353	4.925603	0.28580967	7.371507	3.8407955	0.9998011	1.0693294	4.877399	-11.769996	-446.85544	92.211044	92.25924	0.005053861	0.00030110465	-0.21407871	0.8081083	0.85252523	2.4116714	11.18126	-0.99980104	0.5419588	205.27844	15685.4912981987
77	1591.6108	623.3088	2588.9438	75.04572	1860733.4	744865.25	2581920.0	65467.26	12.53747	2.244834	18.846844	7.6824493	10.180306	3.4148343	15.17506	1.7576693	288.0	288.0	0.0	0.0	106066.89	0.045327731036324787	2310001.0	504.51163	182.43541	859.0906	6.41807	504.51157	182.43748	861.3606	6.501333	5.0524764	0.31630912	7.5563965	3.9000514	1.0000594	1.0480939	4.3130054	-11.918088	-444.38086	92.520744	92.56416	0.0052184244	7.569453e-05	-0.20428784	0.81588984	-0.5891014	2.4569755	11.688964	-1.0000588	0.5628979	205.45921	15890.958804368973
78	1676.8313	553.0799	2698.8247	45.55173	1936141.4	538052.9	2756154.0	1221048.6	12.6810875	2.5735557	21.40046	2.9467852	10.829366	2.6421196	13.213389	4.6283846	288.0	288.0	0.0	0.0	107388.29	0.04531151437236287	2340001.0	503.71887	183.02577	863.7322	2.6102836	503.7185	183.0272	865.40546	4.267473	4.9793277	0.30647072	7.3798466	3.8781915	1.0002543	1.0508329	3.7797053	-12.221972	-446.23602	92.75905	92.796616	0.0051728683	-7.704102e-05	-0.2168643	0.80573404	0.23360652	2.427088	11.330414	-1.0002546	0.55110717	204.42268	16095.395524024963
79	1637.6571	686.0716	2648.2341	110.7767	1575752.9	390345.56	2370099.2	931419.6	12.658477	2.8631508	22.293854	6.0063977	11.01994	2.3680215	15.386808	7.251358	288.0	288.0	0.0	0.0	108708.766	0.04529531901041667	2370001.0	503.071	181.91771	865.7925	2.1707006	503.0703	181.92014	867.0548	2.256493	4.999998	0.4003664	8.032256	3.79023	1.0001895	1.0585221	4.4132376	-10.551264	-446.02493	92.5187	92.560585	0.005984314	-8.836444e-06	-0.21956025	0.8034024	-0.00055358076	2.4146788	11.1947155	-1.0001894	0.5274353	204.62048	16300.011906385422
80	1571.1073	667.86005	2587.1997	72.26522	1653798.0	688588.25	2494199.2	62996.145	12.465125	2.864568	23.93607	6.815714	11.752072	3.5848079	15.973357	2.3839335	288.0	288.0	0.0	0.0	110005.49	0.04526974987139918	2400001.0	503.30124	182.6589	865.77924	4.381833	503.29996	182.6603	866.2888	3.3967795	4.9925365	0.298568	7.7245927	3.8272393	0.9998885	1.0728228	6.1827054	-12.605277	-446.3898	92.5123	92.54119	0.005124246	0.0002277979	-0.2434347	0.7845542	0.08638699	2.413856	11.189322	-0.9998889	0.5476618	204.55952	16504.560509443283
81	1753.0425	558.7024	2657.168	89.37666	1958559.8	412771.94	2538415.2	1144581.4	12.235087	2.0319529	18.82534	3.502908	9.539291	1.5889584	11.982034	6.9305506	288.0	288.0	0.0	0.0	111278.75	0.04523526422764228	2430001.0	501.93365	183.35373	863.5174	5.909131	501.9326	183.35562	864.9939	5.4056153	5.0219774	0.3331213	7.8799186	3.8972936	1.0001969	1.0532681	4.2191067	-11.896866	-442.4907	92.38553	92.41223	0.00523886	-1.765782e-05	-0.21567923	0.8066402	-0.24724773	2.4524639	11.624548	-1.0001974	0.51206017	204.35968	16708.915533304214
82	1638.2833	536.18176	2679.4473	134.04327	2123410.0	586905.5	2754563.5	554248.4	12.457285	1.9926457	17.393156	8.219549	8.860068	1.909943	11.77575	4.601105	288.0	288.0	0.0	0.0	112575.13	0.04521089671184739	2460001.0	501.6076	184.19975	864.36865	8.38802	501.6072	184.20076	865.13525	8.32458	4.9991794	0.195195	6.8731413	3.9820862	0.99976784	1.0419314	6.575989	-13.4400015	-445.73294	92.939064	92.95961	0.0044340733	0.0003097432	-0.22316645	0.8004296	0.0054488056	2.3945377	10.966402	-0.9997678	0.5618217	213.47217	16922.397479057312
83	1703.6847	575.0333	2606.667	127.7599	1992668.4	570535.9	2770142.8	1181483.5	12.4756775	2.3645406	20.176508	8.522444	9.328443	1.2693378	11.650119	7.686595	288.0	288.0	0.0	0.0	113876.414	0.04518905319940476	2490001.0	500.24734	183.12048	860.55255	7.314442	500.24582	183.12296	861.71155	6.620042	5.007628	0.27970776	7.355933	3.6186328	1.0002267	1.0278234	7.6216383	-12.191107	-440.0986	92.57559	92.609634	0.0048094	-5.4871718e-05	-0.19520192	0.8232929	-0.07672222	2.46702	11.797412	-1.0002261	0.53923607	218.23909	17140.64075756073
84	1700.2148	613.9959	2633.8933	69.8357	1954252.6	345772.94	2427604.0	1393793.0	12.630382	2.502101	24.460188	5.3919387	7.907692	2.0726423	11.728662	5.1960855	288.0	288.0	0.0	0.0	115192.81	0.045173651960784315	2520001.0	499.8506	182.43124	861.7177	5.5283012	499.84995	182.43297	863.7283	3.8871002	4.9880896	0.31003845	7.340138	3.7962868	1.0003754	1.0494272	6.428146	-12.203068	-442.5845	91.8972	91.92134	0.005122937	-0.00016823428	-0.21866633	0.8042108	0.12200223	2.4213612	11.268874	-1.000376	0.53015375	219.77843	17360.418760061264
85	1644.7332	707.3732	2582.0625	69.73463	1629847.4	778906.94	2698590.2	0.0	12.158519	2.6408844	21.034803	4.3707047	8.530016	3.3331928	12.428525	0.0	288.0	288.0	0.0	0.0	116458.445	0.04513893229166667	2550001.0	499.6361	183.53047	862.2023	6.797128	499.63535	183.5322	863.4814	5.540061	4.9588842	0.27352774	7.179076	3.5861406	0.9996697	1.0636358	8.118798	-11.482086	-443.77686	92.76682	92.786606	0.004871832	0.0003952719	-0.23563714	0.7908043	0.4719986	2.4016397	11.057853	-0.9996698	0.5476253	208.59695	17568.995548963547
86	1715.5405	639.4426	2616.1902	81.69335	1683887.2	609972.4	2453877.5	75414.125	11.884843	2.1261208	19.658205	5.0819254	6.2345014	1.99009	9.923772	3.1199524	288.0	288.0	0.0	0.0	117696.35	0.04509438757183908	2580001.0	501.2951	184.04625	861.2697	7.161131	501.29413	184.04848	861.4734	7.7849474	5.01209	0.29671454	7.4588366	4.027763	1.0003814	1.0581139	9.942421	-11.705017	-443.64377	92.359436	92.373886	0.00507747	-0.00014718188	-0.22180682	0.80164796	-0.13072062	2.4236073	11.29417	-1.0003809	0.5626161	204.70251	17773.69819664955
87	1646.5273	668.8609	2576.3484	108.22916	1804942.8	678067.5	2482156.8	236596.2	12.375536	2.3605802	20.63468	5.417045	10.974209	3.5588157	14.939334	2.7829382	288.0	288.0	0.0	0.0	118987.164	0.0450708954782197	2610001.0	499.10776	184.45575	857.87524	4.4573116	499.1072	184.45772	860.8536	4.072137	4.991794	0.41137838	8.059285	3.8111901	1.000016	1.084138	6.5320086	-11.1995735	-444.5773	92.44923	92.468575	0.0062588453	0.00012916802	-0.2516234	0.7785142	0.09118307	2.371365	10.718242	-1.0000159	0.5711961	210.97002	17984.685213804245
88	1715.9141	569.1093	2571.8872	94.707954	1730252.8	674941.25	2382568.5	3510.0	12.50004	2.374904	21.87856	5.2328534	8.461342	3.2782197	12.775183	0.0	288.0	288.0	0.0	0.0	120292.32	0.04505330348782772	2640001.0	500.44174	185.22333	861.87396	0.3989575	500.44153	185.22438	860.2635	0.48214293	5.0081644	0.38159993	7.7213497	3.7097774	0.9999822	1.0592681	8.90765	-12.658523	-442.39355	92.63108	92.650894	0.0059013125	0.00014941009	-0.23784325	0.78897136	-0.09236303	2.4321475	11.385975	-0.9999823	0.5984409	210.33287	18194.9925365448
89	1735.9727	556.3105	2597.3044	146.94109	1674391.2	647044.9	2502484.5	626545.4	12.289095	2.1987774	21.496405	8.204519	10.1451435	1.744042	13.5202465	7.4984727	288.0	288.0	0.0	0.0	121567.18	0.04502488136574074	2670001.0	499.5431	185.43776	858.7904	6.158237	499.54263	185.43831	859.40686	6.2810717	5.006644	0.34714568	7.7698126	3.3970482	1.0003337	1.0447464	8.945329	-11.247691	-439.49066	92.925575	92.953865	0.0054348335	-0.00012294718	-0.21623418	0.80636615	-0.07055929	2.4664605	11.785968	-1.0003341	0.54159975	209.37695	18404.380650758743
90	1583.3041	692.0995	2635.1843	88.85498	1887195.6	529539.75	2783884.2	638449.4	11.988949	2.1965368	18.453884	4.955947	11.623362	1.4477397	13.242374	8.289501	288.0	288.0	0.0	0.0	122817.29	0.04498801797161172	2700001.0	498.86746	186.29945	859.35376	2.5659542	498.86673	186.30025	858.57196	1.1906085	4.9693236	0.25695458	6.974607	3.5912325	1.0000287	1.059308	9.1746235	-11.5602	-442.27994	93.93705	93.97508	0.0048353234	0.00013609303	-0.2552282	0.77525353	0.34732544	2.4141674	11.183627	-1.0000291	0.5292034	206.46616	18610.870278835297
91	1669.9558	641.6458	2643.4355	96.6482	1841155.6	486802.56	2498559.0	1225226.0	12.9104	2.2230852	18.252872	8.358964	11.575414	3.1919432	18.786747	6.703167	288.0	288.0	0.0	0.0	124162.75	0.04498650362318841	2730001.0	499.571	188.11517	859.4108	4.471361	499.5703	188.11635	861.3083	4.728007	5.0121427	0.27706188	7.2370563	3.615567	1.0001749	1.0515996	5.406748	-11.7996235	-441.74823	94.963356	95.007385	0.0050363415	1.13307315e-05	-0.23709974	0.7896055	-0.14809844	2.4271772	11.330835	-1.000174	0.56381917	208.56169	18819.40602016449
92	1723.5011	614.35645	2630.0996	79.91332	1678445.4	700193.06	2479814.0	39359.87	12.407975	2.2940571	17.99312	3.917919	10.142805	3.7595484	14.532647	0.7476153	288.0	288.0	0.0	0.0	125455.97	0.04496629704301075	2760001.0	496.4482	188.14565	857.1609	1.5321441	496.4477	188.14737	857.9877	0.97077036	5.012973	0.30937275	7.4915943	3.7951686	1.0004196	1.0356534	6.8693557	-12.537284	-434.02994	94.39142	94.43331	0.0051644286	-0.00019969876	-0.19295084	0.82526004	-0.15081106	2.5041103	12.23863	-1.0004196	0.53179264	205.65431	19025.06814813614
93	1735.9138	621.46155	2646.4773	58.04627	1871545.6	617886.5	2574208.8	514630.53	12.994509	2.3437555	22.915077	5.1396446	9.16304	2.5537636	11.947302	3.9680848	288.0	288.0	0.0	0.0	126807.78	0.04496729831560284	2790001.0	496.90054	189.10245	857.17163	0.15172076	496.89932	189.10344	867.781	1.0571196	5.010799	0.24424732	6.8154845	3.5935493	0.99995655	1.0306873	3.7337384	-14.071655	-438.0032	94.81396	94.85666	0.004719861	0.00017758233	-0.2140806	0.8079586	-0.13861646	2.4458365	11.54445	-0.99995744	0.5903084	205.45143	19230.530389547348
94	1670.8009	566.0805	2602.6458	72.988106	2295231.5	318084.38	2798639.2	1879084.1	11.992223	2.0855355	19.28387	4.9947133	11.030606	1.4450431	12.925818	8.818464	288.0	288.0	0.0	0.0	128056.92	0.044932253289473686	2820001.0	496.52	188.9651	859.16797	2.890823	496.5198	188.96571	861.2803	2.1653397	4.9949718	0.23465057	6.8405747	3.5168638	1.000073	1.029275	3.6220856	-12.913226	-435.36786	94.70509	94.75721	0.0045915884	6.8741516e-05	-0.19992217	0.8193209	0.06384545	2.4874156	12.031661	-1.000073	0.56399536	207.37164	19437.889505386353
95	1798.9143	539.6506	2612.409	129.93022	1585949.2	582917.8	2438095.2	278781.6	12.406483	1.9682865	19.015713	7.631791	9.647283	3.404922	15.348573	3.8054824	288.0	288.0	0.0	0.0	129348.33	0.044912613932291665	2850001.0	496.21005	188.22989	857.2225	-2.7565284	496.20975	188.23096	857.099	-2.746019	4.9914265	0.29658714	7.2467656	3.408067	1.0000087	1.0522406	4.9494753	-11.787794	-437.139	94.56439	94.60691	0.0051482543	0.00015071414	-0.21675013	0.80583036	0.10441293	2.4527094	11.626382	-1.0000086	0.5485406	204.43234	19642.3195977211
96	1653.566	671.65173	2626.864	84.58217	1547346.9	945164.1	2600754.5	22290.0	12.5086155	2.277035	21.119007	6.7989573	8.511387	4.338403	13.681909	0.0	288.0	288.0	0.0	0.0	130652.76	0.04489785491838488	2880001.0	497.80847	187.80492	863.6905	1.8792605	497.8085	187.80472	861.6054	-0.06667614	4.9939876	0.3126159	7.39934	3.828396	1.0002667	1.0530764	8.930355	-12.281391	-439.86032	93.50491	93.540955	0.005325391	-7.846505e-05	-0.23855254	0.7884359	0.06875815	2.4333198	11.399583	-1.000266	0.546788	206.52982	19848.846467494965
97	1768.8663	598.2737	2626.8984	87.63716	1847716.6	510971.8	2497509.0	1193228.1	12.386522	1.8585767	18.459467	7.4665947	9.494021	2.0705717	13.782993	7.431807	288.0	288.0	0.0	0.0	131944.56	0.044879102891156465	2910001.0	499.01804	188.20961	857.8249	3.4654472	499.01794	188.20975	855.922	2.9091237	5.0033603	0.26772714	7.1209846	3.6642447	0.99986947	1.0377132	5.776016	-13.02485	-438.56152	94.165855	94.19463	0.0048345663	0.00024096394	-0.22454302	0.7995578	-0.043060172	2.4735656	11.87302	-0.99986947	0.5140672	204.7986	20053.637515068054
98	1615.3801	695.4991	2642.8547	102.632164	1622820.5	989840.1	2710988.8	0.0	12.345102	2.0364833	17.00924	6.063129	8.136276	4.931789	14.211838	0.0	288.0	288.0	0.0	0.0	133229.56	0.04485843855218855	2940001.0	500.544	189.98174	859.81555	2.56726	500.54376	189.98184	862.4366	2.6766164	5.00842	0.22504275	6.6733136	3.6648142	0.99984145	1.0402539	4.650455	-12.583872	-442.98462	95.023315	95.0496	0.004688865	0.00026036875	-0.24019955	0.787153	-0.100458145	2.4227378	11.287615	-0.9998415	0.5808046	205.51938	20259.151524066925
99	1694.8967	583.61237	2589.132	87.89311	1525373.9	1039800.9	2595751.0	1080.0	12.682519	2.7357755	27.08324	7.165106	7.911374	4.773449	13.33195	0.0	288.0	288.0	0.0	0.0	134549.98	0.04484999479166667	2970001.0	501.04358	191.21477	860.5619	0.7696111	501.04358	191.21446	859.8844	1.9901738	4.9864926	0.2146312	6.482994	3.685124	0.99999326	1.0679564	4.9982533	-12.498681	-446.1216	95.272285	95.28008	0.0046370137	0.00015351952	-0.27682942	0.7588737	0.15147637	2.380292	10.815027	-0.9999934	0.5577984	206.24709	20465.41454577446
