Epoch	AverageEpRet	StdEpRet	MaxEpRet	MinEpRet	AverageTestEpRet	StdTestEpRet	MaxTestEpRet	MinTestEpRet	AverageEpCost	StdEpCost	MaxEpCost	MinEpCost	AverageTestEpCost	StdTestEpCost	MaxTestEpCost	MinTestEpCost	EpLen	TestEpLen	EpGoals	TestEpGoals	CumulativeCost	CostRate	TotalEnvInteracts	AverageQR1Vals	StdQR1Vals	MaxQR1Vals	MinQR1Vals	AverageQR2Vals	StdQR2Vals	MaxQR2Vals	MinQR2Vals	AverageQCVals	StdQCVals	MaxQCVals	MinQCVals	AverageQCVar	StdQCVar	MaxQCVar	MinQCVar	AverageLogPi	StdLogPi	MaxLogPi	MinLogPi	LossPi	LossQR1	LossQR2	LossQC	LossQCVar	LossAlpha	LogAlpha	Alpha	LossBeta	LogBeta	Beta	PiEntropy	TestTime	EpochTime	TotalTime
1	2216.2185	325.1922	3022.08	1121.6788	2300757.2	284276.25	3116889.5	2108527.5	53.197807	9.382531	66.4652	27.471859	59.70635	9.197639	66.10962	33.878136	288.0	288.0	0.0	0.0	5539.88	0.09233133138020834	30001.0	309.6745	153.4772	708.5023	-12.923185	309.6552	153.51534	709.12714	-15.053464	9.431297	3.843979	17.44439	0.0024697026	3.9839787	0.6224133	33.638294	0.6893931	1.0668871	1.5632286	30.600098	-12.222578	-290.37793	40.528664	40.410175	0.051841408	0.002523835	-0.04625449	-0.22848463	0.79863805	-9.834507	0.26586834	1.4669774	-1.0668869	0.30611682	280.22812	280.69144916534424
2	2279.3032	345.3729	3042.3872	1898.4143	2355055.8	343189.06	3029882.0	2088672.2	46.06702	10.142975	61.854248	22.700693	42.147526	9.373884	50.10565	23.320122	288.0	288.0	0.0	0.0	10340.01	0.11488899739583333	60001.0	589.4663	55.489304	866.0327	430.6977	589.4666	55.484776	866.7448	432.51837	15.515523	1.1833303	18.99375	7.7556114	4.2211146	1.1291182	14.591618	2.9352272	1.0003828	1.1776453	11.133178	-12.356159	-515.82184	55.653095	55.758595	0.04257196	0.002106115	-0.000117540425	-0.16802451	0.8456511	-47.227253	1.4196845	4.2245994	-1.000383	0.29737973	281.60425	562.3478786945343
3	2237.7146	328.13596	2993.2573	1864.7517	2501674.8	408738.8	3062907.5	2036124.6	38.845356	7.384027	50.694508	21.105541	29.372171	7.938949	37.786564	16.296654	288.0	288.0	0.0	0.0	14378.878	0.11982398274739584	90001.0	649.4982	47.045425	902.0923	542.8801	649.49854	47.045063	900.3263	541.4602	14.789796	1.1325798	17.94793	8.425234	3.1175668	1.3628083	14.146799	1.9279739	0.99985546	1.1252319	11.083582	-13.179619	-532.5906	62.157635	62.123123	0.029924681	0.002117964	0.00028814675	-0.14371167	0.8664932	-72.50135	1.9666766	7.1986384	-0.9998553	0.28950953	281.96136	844.3055276870728
4	2209.1848	336.0297	2988.114	1881.6268	2448773.2	337197.34	2983038.8	1959871.9	30.811314	6.3283105	43.910557	18.059238	23.039448	3.9692729	28.59395	16.762857	288.0	288.0	0.0	0.0	17583.658	0.11722438802083333	120001.0	653.4837	50.233994	905.08704	546.31165	653.4835	50.237686	903.7605	540.39996	12.510274	1.137086	15.73602	6.402684	1.8986682	1.1309261	11.680948	0.9219494	1.0001831	1.0886873	5.859904	-10.753636	-515.1295	68.97042	68.82435	0.01939348	0.002353973	2.306475e-05	-0.1427723	0.8673653	-75.97093	2.3158107	10.169279	-1.000183	0.3161621	282.2293	1126.551899433136
5	2127.8843	316.79828	2957.855	1774.2892	2115809.5	279617.47	2876246.8	1856095.0	23.343647	3.742471	31.071638	15.117709	15.838208	1.3897994	19.169128	14.149729	288.0	288.0	0.0	0.0	20014.258	0.11119032118055555	150001.0	636.24084	53.22275	899.7893	523.637	636.24164	53.221676	896.83466	515.22437	9.939187	0.9882895	12.515165	5.157109	1.2060592	0.89988977	9.344802	0.422965	1.0006038	1.0566143	9.806155	-11.09901	-494.47546	74.780876	74.623634	0.012678762	0.0019466412	-0.0004003371	-0.08644018	0.918003	-61.448463	2.5722327	13.122636	-1.0006042	0.31557894	282.41867	1408.9721825122833
6	2092.8386	301.90912	2845.1626	1672.9756	2288986.5	371878.0	2983767.0	1915124.8	19.624386	3.180095	27.38069	11.693714	14.984011	1.2122843	16.771479	12.893371	288.0	288.0	0.0	0.0	22056.607	0.10503146391369048	180001.0	611.40344	53.989346	881.2718	499.08478	611.40393	53.980606	879.21204	495.6071	7.9541345	0.6822756	9.881748	4.6422715	0.8030661	0.5135765	5.27365	0.30889213	1.0003654	1.0351793	4.4931135	-12.844626	-472.02826	76.99872	76.92725	0.0080925925	0.00092955487	-0.00022869902	0.007860156	1.0082936	-41.23299	2.7750595	16.061945	-1.0003659	0.3020134	282.88226	1691.8553071022034
7	2080.0698	325.2124	2833.0544	1743.0369	2361552.5	395189.1	2992670.0	1962439.0	16.515566	2.3088872	21.72641	10.193888	17.772915	2.0512917	21.783981	13.9611635	288.0	288.0	0.0	0.0	23776.63	0.09906929524739583	210001.0	589.0854	54.33629	866.08844	479.61902	589.0862	54.326946	867.03235	477.53326	6.6876173	0.47352964	8.098445	4.350847	0.618266	0.27731737	3.4198496	0.3827495	1.0002823	1.0352128	4.291123	-13.153179	-449.83234	77.25888	77.20213	0.0060049817	0.00045972143	-0.00016175446	0.06624061	1.068829	-23.490906	2.9427795	18.987135	-1.0002817	0.29764128	282.28815	1974.1359293460846
8	2011.7996	329.275	2808.467	1670.1278	2028239.4	286796.94	2791786.0	1750859.9	14.560994	2.3234172	19.559088	8.764712	12.878698	2.4394252	16.196974	8.765694	288.0	288.0	0.0	0.0	25295.23	0.09368603877314814	240001.0	567.47125	54.837612	847.3192	457.32672	567.4725	54.83072	846.21094	455.9324	5.8362064	0.34671038	7.1411653	4.1530404	0.51799285	0.14237712	1.8622806	0.40695858	1.0003564	1.036695	4.4014907	-13.90577	-426.88202	77.48877	77.475716	0.0050070505	0.00024801082	-0.00026718268	0.12035493	1.1284567	-7.815532	3.0834265	21.84772	-1.0003562	0.28146672	282.26724	2256.4073646068573
9	1966.7479	295.44183	2783.5166	1624.9576	2089649.0	278614.97	2877876.8	1874709.0	13.715566	2.036813	18.488897	8.702931	16.882145	1.4706417	18.736696	12.962737	288.0	288.0	0.0	0.0	26722.332	0.08907444010416667	270001.0	551.43555	55.10503	827.9841	449.86813	551.4372	55.09749	827.7836	448.61615	5.3873234	0.2493051	6.5111647	4.080429	0.4658623	0.07072407	1.1219314	0.3909979	1.000057	1.0400581	7.44437	-12.185959	-414.8128	78.718544	78.6882	0.0046389964	0.0001803004	8.143295e-05	0.1421579	1.1531196	0.017831456	3.1304016	22.890676	-1.000057	0.28956532	282.6126	2539.005776643753
10	2106.9346	346.01318	2804.2278	1687.4886	2089242.4	197343.1	2610550.5	1860575.5	14.447969	2.213558	19.076488	9.232872	14.819476	1.2560612	17.326406	13.055447	288.0	288.0	0.0	0.0	28227.584	0.08553813328598485	300001.0	553.413	54.938213	836.0874	447.99353	553.41394	54.934383	838.813	448.88898	5.3952913	0.2523808	6.4880266	4.026764	0.4731773	0.059226934	1.0548922	0.40116844	0.9998888	1.0490294	6.080615	-11.949078	-427.85233	77.35618	77.29258	0.0048116324	0.00019241348	0.00027612108	0.10280153	1.1087744	0.034186732	3.0430458	20.971544	-0.99988925	0.29599714	282.8372	2821.8483312129974
11	2067.8726	354.7471	2883.956	1699.784	2090387.2	295559.16	2771837.0	1853653.4	13.99326	2.0128918	19.515812	8.6023	11.6106415	0.85777545	13.007013	9.999982	288.0	288.0	0.0	0.0	29685.404	0.08245945638020834	330001.0	558.4228	55.775024	838.03015	458.16003	558.42316	55.771393	836.83496	455.57355	5.412196	0.2460926	6.641326	4.079923	0.46072263	0.06280025	1.0224007	0.3754411	1.0002193	1.0430964	9.12949	-13.409997	-431.12863	78.62211	78.55647	0.004620284	0.0001872408	-0.000114553644	0.1069654	1.1132225	0.012446052	3.0549328	21.22127	-1.00022	0.3112073	282.79675	3104.6512253284454
12	2057.8896	373.53885	2895.1848	1621.4763	2208822.8	233208.86	2629812.8	1841712.2	13.957064	1.9609954	19.445202	9.444366	10.174076	1.5105876	11.948477	7.0042696	288.0	288.0	0.0	0.0	31137.896	0.07984076021634616	360001.0	562.75104	56.150875	846.268	461.46106	562.7518	56.147	846.98004	462.85077	5.432553	0.24192548	6.525726	4.1328764	0.4431992	0.06321761	1.1794124	0.3606658	1.0001292	1.0327512	11.867306	-13.67065	-434.97662	78.21312	78.18417	0.0044921795	0.0001872806	8.203983e-07	0.11246326	1.1193557	-0.038871802	3.0566757	21.257471	-1.0001292	0.2686057	281.85178	3386.506531715393
13	2050.9888	340.87564	2812.6985	1697.752	2317319.0	372740.1	2953477.5	1898163.1	14.285662	2.0942006	19.954166	8.83896	16.211477	1.680164	19.406775	14.114211	288.0	288.0	0.0	0.0	32624.746	0.07767796688988095	390001.0	564.07074	56.759	851.29663	464.82205	564.07135	56.753906	852.44806	459.2816	5.4119024	0.22777797	6.6729608	4.2042217	0.43288448	0.05785769	1.0327032	0.34677696	0.9997236	1.0408964	10.280749	-12.65029	-436.76038	78.87802	78.900475	0.004372658	0.00017494682	0.0004550262	0.11203452	1.1189529	0.034980062	3.0572512	21.270973	-0.9997224	0.33346343	282.2717	3668.7918095588684
14	2082.9163	370.5764	2833.55	1700.3624	2251621.5	485999.06	3087229.2	1760839.8	13.699088	1.858882	18.464249	8.523677	11.785219	1.333009	13.313994	9.229551	288.0	288.0	0.0	0.0	34053.19	0.07567375868055555	420001.0	566.8713	56.869198	856.51624	467.7707	566.87134	56.868	857.73804	464.9048	5.427725	0.23273659	6.6411295	4.1661925	0.43041876	0.057486553	1.1562783	0.34746435	1.0000287	1.035259	14.327464	-13.63426	-440.59134	79.33374	79.36218	0.004416913	0.00018191367	0.000106615	0.10700923	1.113318	-0.014849435	3.046383	21.039522	-1.0000288	0.28978348	282.34564	3951.1310307979584
15	2074.348	389.33215	2944.752	1691.1948	2228852.2	374991.78	3028439.0	1897711.0	14.129874	2.1759489	19.807903	10.148388	15.218994	1.6613054	18.140638	12.547897	288.0	288.0	0.0	0.0	35524.07	0.07400847981770833	450001.0	567.7363	56.270065	851.1014	465.35687	567.7354	56.270947	854.5366	463.86697	5.425762	0.22855368	6.5846157	4.1652236	0.42978346	0.05527694	1.2202623	0.35158327	1.0003872	1.0401342	9.027063	-11.896178	-441.32257	78.75116	78.75999	0.0044095395	0.00018473149	-0.0002843982	0.10891102	1.1154928	-0.016537169	3.0476558	21.066425	-1.0003867	0.287503	281.92	4233.064613342285
16	2082.9822	367.14417	2921.4143	1679.8125	2201740.0	399452.9	3074200.5	1910777.4	14.457585	1.847838	19.580105	10.191885	12.928676	1.7186514	15.681362	9.924773	288.0	288.0	0.0	0.0	37029.566	0.07260699295343137	480001.0	567.77026	56.75154	853.63635	467.38596	567.76984	56.750072	856.3615	462.6073	5.4251328	0.23066105	6.5593934	4.136492	0.42797843	0.055544246	1.1098129	0.3528114	1.0000914	1.0409468	7.7734604	-12.004996	-439.9023	80.02367	79.99882	0.004436932	0.00019686068	4.5312292e-05	0.11498108	1.1222825	-0.012902891	3.0592258	21.31143	-1.0000912	0.29800487	282.10074	4515.152280807495
17	2106.598	397.05283	2870.8232	1647.8118	2139980.2	269087.94	2882257.5	1831328.8	14.483324	2.2046683	19.496498	9.993135	12.377207	1.1943355	14.593316	10.923856	288.0	288.0	0.0	0.0	38538.293	0.07136720920138889	510001.0	568.2625	56.86268	853.9702	468.93057	568.2629	56.861877	854.0375	464.37677	5.412076	0.23033012	6.5289187	4.139338	0.4276463	0.055161107	1.2336318	0.37114733	0.99970806	1.0408443	4.7261944	-11.777375	-439.5221	79.80251	79.746216	0.004415267	0.00019814345	0.00048440267	0.11133664	1.1182262	0.030005045	3.068292	21.508549	-0.99970764	0.3121705	282.00607	4797.166893005371
18	2100.3933	352.24866	2858.5225	1732.7239	2079078.4	226151.75	2649803.2	1900652.0	14.449056	2.0707865	20.323706	10.531133	12.246532	1.7808737	15.7905035	10.375044	288.0	288.0	0.0	0.0	40044.86	0.07025413925438596	540001.0	570.5072	56.7597	854.9202	470.54373	570.5074	56.76086	856.9863	468.96472	5.426295	0.22470638	6.7130494	4.178568	0.42360738	0.053622488	1.2111505	0.35665953	1.00026	1.0403817	4.673104	-11.626041	-442.11496	79.75435	79.64583	0.0043718475	0.00019136014	-0.00013991688	0.11558021	1.1228714	-0.023399878	3.063561	21.404558	-1.0002599	0.29443264	282.3828	5079.542010784149
19	2016.5403	318.93057	2853.6467	1617.3287	2092817.8	348290.2	3055961.8	1776385.9	14.26614	1.6615151	18.975311	9.714222	12.423352	0.9998865	13.791853	10.746438	288.0	288.0	0.0	0.0	41531.113	0.06921852213541667	570001.0	571.4752	56.69564	854.8149	471.24527	571.47534	56.697144	857.0992	470.88486	5.4230356	0.2323715	6.7092743	4.146246	0.4248217	0.053321406	1.2164172	0.35573906	1.0001234	1.0408003	4.0271955	-12.303937	-446.44867	79.14283	79.01886	0.0044174893	0.00020304635	1.3876025e-05	0.106910124	1.1133142	-0.0032088382	3.0369532	20.843071	-1.0001236	0.29556036	282.02515	5361.555789709091
20	2063.1763	358.64545	2892.4202	1696.1005	2355752.8	508409.3	3049418.5	1753827.2	14.352787	1.8932439	18.893244	10.056316	13.584595	1.4122983	15.422956	10.596923	288.0	288.0	0.0	0.0	43026.28	0.06829568452380952	600001.0	571.4393	56.60109	855.5331	470.9225	571.4392	56.60247	858.5019	470.14764	5.4165373	0.22812697	6.4894876	4.136054	0.42567575	0.054426003	1.1796657	0.35566577	0.9999621	1.0376983	6.6303368	-11.644936	-442.85223	79.578575	79.46055	0.0044250926	0.00019955763	0.00020127452	0.10657048	1.1129405	0.012387218	3.0662177	21.461771	-0.9999624	0.26864505	282.21176	5643.762692689896
21	2047.4982	335.78403	2849.6912	1622.5573	2061644.8	153875.47	2300215.0	1869437.5	14.103485	1.7709453	18.84663	10.037744	16.794697	2.0186656	19.79905	13.730001	288.0	288.0	0.0	0.0	44497.61	0.06742062026515151	630001.0	572.2981	56.60232	859.82086	471.22412	572.2974	56.60633	861.0825	469.9368	5.4230137	0.22839841	6.727567	4.162852	0.426066	0.054373946	1.4035908	0.33563808	0.99998236	1.04538	5.501517	-10.206331	-446.26822	79.10332	78.97919	0.0044550295	0.00020654571	0.00017581138	0.10578842	1.1120372	-0.01468289	3.0447695	21.005625	-0.9999823	0.29506493	281.96365	5925.720632791519
22	1977.2675	266.22104	2918.4778	1703.7537	2225774.5	378822.8	3012395.5	1892347.4	14.554914	2.162239	19.465717	10.360528	13.48049	1.5393463	15.866158	10.564107	288.0	288.0	0.0	0.0	46013.06	0.06668559216485508	660001.0	571.88293	56.853455	861.32153	471.98938	571.8822	56.859707	863.06616	468.79263	5.4157977	0.22576314	6.5472555	4.14258	0.42611185	0.054145403	1.4387664	0.32673082	1.0000405	1.0482463	4.502792	-12.556297	-445.41724	79.62933	79.51319	0.004443876	0.00020458798	0.00011442588	0.10576432	1.1120477	0.0145378625	3.049447	21.104136	-1.0000405	0.29829216	281.91168	6207.647177457809
23	2017.9747	326.5267	2941.2441	1659.837	2167835.5	323198.62	2817730.5	1866760.6	14.260505	2.040626	20.223063	8.197775	12.532103	1.7133884	16.671375	10.463252	288.0	288.0	0.0	0.0	47497.84	0.06596922200520833	690001.0	571.6923	57.06735	860.7588	472.1289	571.6923	57.07135	861.6347	465.60352	5.4238725	0.22817555	6.5663223	4.104206	0.4268412	0.05581665	1.4457177	0.33018383	0.99983186	1.052389	4.5695686	-11.791891	-445.77563	79.620445	79.47982	0.00447883	0.00021394492	0.0003444479	0.09669372	1.1018995	-0.024399223	3.0435226	20.979418	-0.9998319	0.33578706	281.7291	6489.374197721481
24	2059.6902	366.931	2941.0002	1672.2665	2233711.8	399388.4	2973032.2	1833744.9	14.387914	1.9528947	18.522375	10.200606	12.878538	1.6065726	15.292637	10.192266	288.0	288.0	0.0	0.0	48995.49	0.06532731770833333	720001.0	571.0487	56.44852	860.5354	471.55496	571.04865	56.45247	860.87366	469.40515	5.4145103	0.22294466	6.874809	4.1555743	0.42498392	0.054961324	1.1418781	0.35194436	1.0001045	1.05257	5.755415	-12.737606	-444.11807	79.38475	79.2228	0.004437164	0.00020601724	5.0957602e-05	0.10429886	1.110405	0.003889674	3.0532906	21.185715	-1.0001043	0.30027938	281.9527	6771.325618982315
25	2062.6255	363.76993	2928.8193	1680.6317	2383528.5	447572.75	3111536.8	1867876.6	14.17518	1.7523508	18.504642	10.746306	13.713765	1.8028021	15.4870405	10.235696	288.0	288.0	0.0	0.0	50471.992	0.06470768229166667	750001.0	570.87036	55.91272	860.39545	471.16443	570.8705	55.91817	860.32983	469.33267	5.4160676	0.226638	6.575441	4.099187	0.42312366	0.056824595	1.5067029	0.3455019	1.0002028	1.0519755	3.6931925	-11.500193	-444.85107	77.767815	77.58776	0.0044473424	0.00021409348	-7.504422e-05	0.113120705	1.120125	0.013844119	3.045826	21.029089	-1.0002031	0.29390168	281.39273	7052.71279668808
26	1989.7726	309.3477	2844.0732	1689.2438	2023470.0	111273.46	2223122.5	1867064.4	14.397197	2.006454	20.545412	9.653426	12.669763	1.4721266	15.604735	10.204747	288.0	288.0	0.0	0.0	51970.664	0.0641613136574074	780001.0	571.2207	56.351284	860.4464	469.44943	571.22064	56.354733	861.48505	469.96896	5.4190645	0.22550008	6.9527364	4.110011	0.42465684	0.057190623	1.1498132	0.34823155	1.0000745	1.0541852	9.057537	-12.057242	-444.9987	78.36074	78.18739	0.004458223	0.00021558447	7.473605e-05	0.10711863	1.1134585	-0.0033503566	3.0468311	21.048763	-1.0000744	0.310081	280.95227	7333.691437005997
27	2015.7122	320.3673	2832.3262	1674.9211	2155064.5	387322.28	2897788.2	1830577.4	14.328624	1.9655734	18.570814	9.644712	12.329184	1.8582892	15.945672	10.362303	288.0	288.0	0.0	0.0	53464.316	0.06364799572172619	810001.0	571.17084	55.760338	857.0777	471.6454	571.16986	55.76379	858.1484	469.86624	5.4187145	0.22646067	6.4822774	4.110112	0.42625144	0.057755638	1.4755815	0.33805087	1.0000356	1.0587487	4.7693596	-12.366793	-444.94653	77.48145	77.27946	0.0044950186	0.00022016712	0.00013132062	0.09594549	1.1010315	-0.008664207	3.0467198	21.04661	-1.0000356	0.3066175	280.6966	7614.370367527008
28	2138.2786	391.76135	2918.5303	1627.1814	2275559.0	467055.9	3059954.0	1849426.1	14.043513	1.9167905	18.296347	9.24002	13.035299	1.1814778	15.265808	11.420658	288.0	288.0	0.0	0.0	54925.336	0.06313257004310345	840001.0	571.19696	55.989147	859.1694	471.35284	571.1977	55.992043	859.639	469.37292	5.412872	0.23035361	6.6016283	4.081219	0.42830852	0.062970705	2.002012	0.3385201	1.0001577	1.0590649	3.6925411	-12.875115	-445.36368	78.55695	78.35714	0.0045302873	0.00023172866	-1.8181865e-05	0.10773373	1.1141528	0.015504427	3.0442398	20.994244	-1.0001575	0.27653122	280.66623	7895.040703058243
29	2114.5925	401.67667	2898.661	1691.1698	2126149.5	429046.16	3037827.8	1816976.4	14.315711	1.9916831	19.397379	10.206486	11.60411	1.7623353	14.391901	8.729547	288.0	288.0	0.0	0.0	56417.508	0.06268611979166666	870001.0	571.0426	55.937042	857.0073	470.4611	571.04193	55.941414	857.6756	469.44608	5.411397	0.22980554	6.5521665	4.075068	0.42892805	0.061676316	1.6289511	0.34872055	0.99992967	1.0583614	3.982152	-13.7472515	-447.20352	78.16161	77.96424	0.0045244503	0.00023068696	0.00023568145	0.10698362	1.113234	0.016256025	3.0282	20.66023	-0.9999293	0.30231214	280.302	8175.33703494072
30	2055.6064	353.11096	2867.0374	1687.7968	2289914.5	458998.44	2992996.0	1794941.1	14.436843	1.7912849	18.333977	10.364511	11.268457	1.055979	12.942565	9.886984	288.0	288.0	0.0	0.0	57922.49	0.062282245463709675	900001.0	571.7369	55.78478	856.36383	469.5243	571.7363	55.78841	857.18463	468.53534	5.433186	0.23291741	6.561648	4.0727124	0.4251671	0.059430465	1.0653777	0.32191512	1.0003039	1.0538907	3.5042753	-12.535934	-445.90512	76.778786	76.56082	0.0044730203	0.0002317728	-0.0001970139	0.12032214	1.1282445	-0.05878836	3.0407631	20.923626	-1.000304	0.2895205	280.23593	8455.578795194626
31	2046.8245	341.80795	2888.5566	1710.0422	2234796.5	464966.38	2951227.8	1831174.0	14.064972	1.9542786	19.11151	8.4227495	11.658863	0.8074963	13.232262	10.434901	288.0	288.0	0.0	0.0	59386.848	0.06186129964192708	930001.0	571.5982	56.032352	860.0094	470.81332	571.5986	56.0362	862.49176	466.73	5.416139	0.23077606	6.572655	4.103906	0.4248702	0.06053763	1.889122	0.3501422	0.999748	1.0595872	7.6662254	-13.176319	-445.68488	77.59458	77.37106	0.0044964673	0.00023009386	0.00045034775	0.10835444	1.114933	0.0068325205	3.0444505	20.999517	-0.9997486	0.27323556	279.65887	8735.227915525436
32	2038.6222	361.86267	2976.4888	1629.4967	2069767.6	167201.14	2427632.8	1852430.9	14.375349	2.084634	20.121445	10.342394	12.386161	1.5553402	14.392243	9.175663	288.0	288.0	0.0	0.0	60885.02	0.06150001972853535	960001.0	571.95593	55.953594	858.92206	470.68082	571.9557	55.958454	858.4696	470.06174	5.4128704	0.22927633	6.8060946	4.0621953	0.42533383	0.060815573	2.311944	0.349876	1.0002158	1.0606296	6.9469757	-14.932269	-447.35742	77.388824	77.161415	0.0044971383	0.00022923184	-5.5625962e-05	0.10634168	1.1126405	0.004160413	3.034191	20.786692	-1.0002164	0.3108232	279.2391	9014.47991156578
33	2076.0396	359.58908	2906.4805	1701.8611	2186500.2	401953.1	3040875.2	1828512.5	14.551716	1.9541823	19.84962	8.347542	11.84487	1.0167087	13.667087	9.864912	288.0	288.0	0.0	0.0	62400.0	0.0611764705882353	990001.0	571.5452	55.4782	854.78766	471.84842	571.54553	55.48145	855.37354	465.79724	5.4225907	0.22574297	6.5934887	4.1264477	0.42184243	0.058128953	1.5452962	0.34929794	1.0001235	1.0543808	3.7308035	-14.898636	-445.5142	75.61981	75.38493	0.0044254004	0.00021876306	5.303925e-05	0.11218192	1.1192213	-0.026204513	3.0444317	20.99879	-1.0001236	0.30136752	279.45795	9293.924265861511
34	2066.8958	358.75555	2876.7869	1698.3274	2382333.0	452517.7	3133490.5	1888624.5	14.136911	2.12019	19.264038	9.22341	14.595866	1.2132618	16.57003	12.444941	288.0	288.0	0.0	0.0	63876.06	0.060834341517857146	1020001.0	572.1751	56.119343	858.86993	472.29166	572.17554	56.12174	858.15704	470.40793	5.4225583	0.22760732	6.7002397	4.084587	0.42096257	0.055752434	1.0300703	0.3503775	1.0001904	1.0553045	4.7643704	-11.070371	-444.92847	76.7207	76.45656	0.004419244	0.00022254113	-3.4141955e-05	0.109583594	1.116351	-0.0088278465	3.0541635	21.2036	-1.0001905	0.3017714	278.8354	9572.773653745651
35	2097.936	361.81866	2908.8274	1729.1442	2198347.0	410570.84	3061249.5	1866638.5	14.324731	1.9367692	21.408173	9.727837	14.6485	1.3640063	17.466003	12.519943	288.0	288.0	0.0	0.0	65366.3	0.060524352575231484	1050001.0	572.97516	56.25561	859.2729	473.5064	572.9749	56.25753	860.20935	472.66495	5.4155617	0.22596239	6.510929	4.0970225	0.41970098	0.056280702	0.9281805	0.33367628	0.99999434	1.0562406	3.9034472	-11.493222	-443.8109	76.0339	75.79418	0.0044193952	0.00021940327	0.00018125858	0.113481626	1.120741	0.008538107	3.0701315	21.545675	-0.99999493	0.2818427	278.8422	9851.615536689758
36	2109.3833	379.66647	2865.7522	1710.2771	2162934.5	339333.22	3048031.2	1890208.5	14.57865	1.9961259	18.60996	8.627003	14.35242	1.3158966	16.59414	12.281274	288.0	288.0	0.0	0.0	66884.36	0.060256179617117114	1080001.0	573.4022	55.94699	857.72186	473.50098	573.40204	55.952763	856.63745	473.16794	5.418923	0.22089949	6.755518	4.084623	0.41723287	0.056347035	0.8614778	0.3414893	1.0001149	1.0486622	4.6948814	-11.803659	-444.01736	75.50829	75.246735	0.0043601766	0.00021296642	2.1820926e-05	0.12520255	1.1338365	-0.029046774	3.0710702	21.56677	-1.0001153	0.2805543	278.91745	10130.526813745499
37	2058.8057	355.3997	2913.498	1713.8264	2180957.8	330204.28	3014335.0	1881805.5	14.417977	2.013997	19.39304	9.917986	13.351221	2.1220973	16.279654	9.802045	288.0	288.0	0.0	0.0	68386.555	0.05998820586622807	1110001.0	572.66376	55.201477	851.0589	473.5309	572.6635	55.20548	852.8173	471.47015	5.4202437	0.21392597	6.5400076	4.158477	0.40856376	0.05612455	0.878613	0.30375075	0.99974275	1.0461837	9.274761	-11.272949	-443.29843	74.83415	74.57714	0.004302754	0.0002042309	0.00044463895	0.1312303	1.1406783	-0.030866794	3.0712929	21.571932	-0.9997423	0.30677772	278.52115	10409.049885988235
38	2138.3167	390.60892	2910.0803	1697.0571	2156318.0	322560.72	2963496.2	1852040.1	14.441008	2.0357878	19.167295	9.434328	13.820068	0.9375033	16.174923	12.443085	288.0	288.0	0.0	0.0	69890.305	0.0597353031517094	1140001.0	573.5198	55.549026	856.3774	472.6542	573.52045	55.55065	857.15155	470.4362	5.4223166	0.21478862	6.7498245	4.1469197	0.40696102	0.056070782	1.041635	0.28125256	1.0003264	1.0441837	5.6624713	-10.919628	-444.87967	75.30572	75.043274	0.004292362	0.00020632372	-0.0002208888	0.1332687	1.1430721	-0.04673336	3.0653152	21.442776	-1.000326	0.29959583	278.38895	10687.42953157425
39	2076.8481	369.8795	2883.1833	1650.3678	1968002.8	111971.08	2214403.8	1802553.8	14.096514	2.0025985	19.120447	8.929731	13.78954	1.6467817	16.18817	11.566785	288.0	288.0	0.0	0.0	71359.96	0.05946663411458333	1170001.0	574.96356	56.047783	859.8623	475.32498	574.964	56.04991	860.05817	468.53906	5.393355	0.21282935	6.74958	4.123025	0.40454918	0.05778533	0.8885061	0.29397172	0.9998452	1.0498533	6.6954765	-12.345415	-444.77264	76.141045	75.89737	0.004252712	0.00020583563	0.0003205008	0.11322492	1.1204234	0.072078444	3.082474	21.81789	-0.99984527	0.2970283	278.1972	10965.636135578156
40	2028.9862	331.3622	2926.6204	1593.6676	2124222.2	270387.1	2887056.2	1904812.6	14.426393	2.040265	20.236586	9.930849	14.065737	0.83959305	15.203508	12.69088	288.0	288.0	0.0	0.0	72861.16	0.059236712398373984	1200001.0	576.8274	56.02766	863.5171	471.4925	576.8275	56.03288	864.6985	476.1599	5.437674	0.21810941	6.593631	4.096029	0.40815082	0.061008584	0.9360578	0.28025463	1.0002722	1.0464077	8.729254	-13.841028	-444.43884	75.930115	75.6976	0.004265521	0.00021375775	-0.00015090803	0.11798508	1.1258131	-0.16546515	3.091549	22.016802	-1.0002722	0.31667638	278.2971	11243.937886953354
41	2048.6519	349.57886	2898.4746	1672.6747	2345055.2	420886.06	3036364.8	1885001.0	14.704381	1.9241873	20.821507	11.133669	13.094226	0.73477095	15.04337	12.298645	288.0	288.0	0.0	0.0	74395.05	0.05904368799603175	1230001.0	576.9998	56.174805	864.752	475.66464	576.99994	56.17937	865.59	474.7544	5.4167666	0.21155007	6.62501	4.13483	0.4039275	0.05963489	0.876924	0.28912497	1.0001186	1.0475615	6.7493963	-12.209864	-446.2822	76.90628	76.6766	0.0042582876	0.00021187137	1.2374878e-05	0.108328074	1.1149259	-0.029592453	3.0827677	21.821133	-1.0001186	0.28098464	277.99472	11521.93395113945
42	2088.0212	367.89166	2938.1233	1681.71	2046319.6	132821.92	2270570.2	1887535.4	14.430785	2.006714	19.234728	9.66738	14.717189	2.1778855	19.068996	11.541756	288.0	288.0	0.0	0.0	75896.8	0.05883472625968992	1260001.0	576.1215	55.913963	863.8753	475.99875	576.12195	55.918594	863.3363	475.2145	5.412277	0.20881426	6.529909	4.1248155	0.40252715	0.058938365	1.3133291	0.2823864	0.9999666	1.0430745	9.732065	-14.014872	-443.32806	76.4591	76.22892	0.004227987	0.00020762933	0.00018194942	0.11877059	1.1266083	0.019962016	3.0995734	22.189077	-0.99996734	0.27412176	278.20288	11800.138955831528
43	2107.456	375.33173	2881.2476	1710.9159	2132027.8	288421.62	2898241.5	1833628.6	14.718764	1.9418204	19.714354	9.683374	14.716057	1.2908598	16.47345	12.24826	288.0	288.0	0.0	0.0	77430.49	0.05865946377840909	1290001.0	576.68835	56.43854	864.11383	477.54004	576.6884	56.442913	863.99866	477.40387	5.4253855	0.21346956	6.571921	4.1270447	0.4066786	0.060224682	0.89249456	0.2959662	1.0002043	1.050118	7.290386	-10.352129	-445.7494	77.814514	77.583115	0.004312521	0.00021733849	-7.593425e-05	0.10801365	1.1145644	-0.055189725	3.0826159	21.81675	-1.0002047	0.30463648	278.03787	12078.17070889473
44	2079.299	360.7589	2891.422	1726.704	2287167.2	359952.1	2900096.0	1924483.6	13.977086	1.7930639	19.19305	9.480358	14.680003	2.422472	18.167154	10.49557	288.0	288.0	0.0	0.0	78884.9	0.058433258101851855	1320001.0	574.4608	55.889084	859.8003	474.07776	574.4606	55.891094	857.8821	476.25488	5.4006243	0.20827928	6.658189	4.144185	0.40232378	0.05841388	0.9386601	0.30335644	0.99996233	1.0383574	4.3096657	-13.869419	-441.87933	76.13559	75.88576	0.0041927844	0.00020254901	0.0001759857	0.13026981	1.1396779	0.050350703	3.0995286	22.191988	-0.9999625	0.29741812	278.16006	12356.32578086853
45	2086.6396	373.10767	2891.0957	1695.1266	2073912.8	309065.97	2954653.2	1860616.2	14.353102	1.8128328	18.51567	9.7906475	12.76839	1.7756027	15.637447	9.541122	288.0	288.0	0.0	0.0	80381.44	0.05824741847826087	1350001.0	573.4791	55.785645	860.4564	469.00928	573.4786	55.79055	861.4108	472.05292	5.4285493	0.21069868	6.594786	4.1659994	0.4023837	0.05657463	0.8536125	0.28747007	0.99981844	1.0376759	10.1659565	-11.042847	-439.93854	76.1478	75.88089	0.0042174147	0.0002036406	0.0003452563	0.1333554	1.1432406	-0.082389705	3.1021345	22.247923	-0.9998192	0.28385115	277.81342	12634.13971710205
46	2060.519	333.0444	2954.2124	1703.1426	2404047.5	520883.97	3109427.5	1904768.4	14.598952	1.8877202	19.118473	9.360523	14.975477	1.4657861	17.84193	12.412738	288.0	288.0	0.0	0.0	81904.336	0.058088181515957446	1380001.0	574.9203	56.583603	865.69324	474.39804	574.9204	56.58767	864.0914	470.94922	5.4200687	0.21587928	6.5499883	4.0766582	0.4061127	0.057246175	0.8074519	0.35955176	1.0003631	1.0442584	2.9665	-12.084794	-444.62073	77.88528	77.60446	0.0043105967	0.00021835863	-0.00027995495	0.119118296	1.127175	-0.017867537	3.0783694	21.723986	-1.0003631	0.28550458	277.88715	12912.00174856186
47	2149.189	385.07953	2926.2864	1683.9592	2263169.8	477014.03	3051769.2	1835130.2	14.166163	2.195373	19.333054	7.8311324	11.696964	1.3868604	13.42092	9.382739	288.0	288.0	0.0	0.0	83373.04	0.057897943793402774	1410001.0	573.95447	56.049908	860.1698	471.0706	573.9542	56.05331	859.0868	475.06625	5.410507	0.21276069	6.478828	4.132419	0.4031453	0.05847413	0.82759184	0.353107	0.999758	1.0467237	9.078334	-12.416388	-441.57114	76.552155	76.27774	0.004232987	0.00020682775	0.0004123696	0.13168348	1.1411853	0.01224354	3.0960848	22.115414	-0.9997575	0.30349112	277.81564	13189.82298374176
48	2070.2935	385.3737	2947.1262	1632.7645	1981344.8	100207.87	2237349.0	1877063.9	14.104101	1.8642682	18.085182	10.397278	13.183095	1.8402435	15.544301	9.112981	288.0	288.0	0.0	0.0	84846.414	0.057718649022108846	1440001.0	573.3472	56.20045	863.3751	473.07828	573.34705	56.206024	861.5154	475.86002	5.4262633	0.21570252	6.7204094	4.098785	0.4031833	0.058912206	0.8028089	0.34320393	1.0002588	1.0467068	6.1597905	-13.260063	-441.11337	76.36423	76.08533	0.0042524086	0.00021454068	-0.00015062088	0.1346635	1.1446409	-0.031103091	3.092372	22.03084	-1.0002583	0.29397964	277.8037	13467.641118526459
49	2108.0723	363.39294	2906.0405	1714.374	2366000.2	444707.03	3072541.5	1884372.2	14.007099	2.033253	18.945522	9.241065	11.900601	0.8826735	13.046824	10.429366	288.0	288.0	0.0	0.0	86305.61	0.05753707291666667	1470001.0	572.451	56.195953	862.10925	467.07718	572.451	56.20016	859.7842	473.53412	5.4147525	0.21072216	6.6255803	4.1084847	0.40387714	0.056011483	0.7643686	0.33954287	1.0000426	1.0402756	5.014286	-11.999535	-439.94724	76.68826	76.412155	0.0042513576	0.000204479	8.845154e-05	0.14134775	1.1522377	0.0018532025	3.0961714	22.114397	-1.0000424	0.297091	277.90332	13745.548671007156
50	2096.294	361.19064	2890.3767	1694.4402	2234683.5	408032.53	3043968.8	1849960.2	14.288487	2.0590253	20.429598	9.597456	12.306875	1.0572536	13.892251	10.650219	288.0	288.0	0.0	0.0	87792.09	0.05738045343137255	1500001.0	572.33984	56.91363	865.0613	472.12454	572.33954	56.918556	863.761	473.58997	5.427866	0.20860697	6.5856447	4.149263	0.4043421	0.055677306	0.8027022	0.3455431	0.9998771	1.0359404	5.05428	-12.151215	-441.01114	77.67928	77.40739	0.00425817	0.00019945519	0.0002981566	0.13394643	1.1440256	-0.068973534	3.0848289	21.86532	-0.9998772	0.2781415	278.02576	14023.575783729553
51	2094.421	362.4277	2839.7263	1646.1455	2164583.2	417545.16	3059050.0	1856978.0	14.083055	2.0465527	18.048084	9.189738	11.448762	1.492283	14.435043	9.5760975	288.0	288.0	0.0	0.0	89260.484	0.05721825921474359	1530001.0	570.0027	57.97764	867.32684	469.45847	570.0028	57.982327	865.5231	470.60785	5.3944635	0.185077	6.624867	4.21667	0.39050198	0.03426528	0.67621744	0.33720052	1.0002387	1.0253571	3.1438472	-11.471745	-437.45273	80.0096	79.71669	0.004099638	0.00016649376	-0.00010166238	0.14355758	1.1550566	0.063273355	3.1009772	22.223555	-1.0002391	0.30775428	277.57373	14301.148077011108
52	2057.6873	346.0992	2889.4568	1661.2041	2159438.8	306197.25	3006027.8	1883224.1	14.716665	2.009384	19.734474	8.90724	14.794937	1.89636	17.825415	12.102776	288.0	288.0	0.0	0.0	90794.68	0.05710357213050314	1560001.0	571.2739	57.263245	868.3098	471.4152	571.27435	57.267914	869.35425	470.899	5.433095	0.21562469	6.6247835	4.1050596	0.40240234	0.051057752	0.7768835	0.3412943	1.0002376	1.040743	4.1425548	-12.280214	-439.92532	78.040726	77.74433	0.0043166354	0.00021240876	-0.00014200238	0.13308305	1.1427386	-0.059871987	3.0842469	21.852638	-1.0002375	0.3129301	277.69284	14578.869457483292
53	2105.2878	377.62378	2892.6255	1662.137	2500990.8	500362.94	3079526.2	1848582.9	14.205444	1.9986911	18.953318	8.426618	12.801562	1.0791926	15.306929	11.352068	288.0	288.0	0.0	0.0	92274.125	0.056959336419753086	1590001.0	570.6399	57.35084	863.3133	470.94904	570.6395	57.354565	870.01294	469.92902	5.415582	0.21651305	6.6149592	4.1215878	0.40204296	0.054783337	0.75393605	0.30873105	0.9997944	1.0396291	3.5306203	-12.759421	-439.9285	77.99657	77.646736	0.004294432	0.00021277748	0.0003845181	0.13361011	1.1434602	0.021164272	3.0823078	21.810064	-0.9997939	0.2978053	277.7161	14856.605374097824
54	2065.4976	353.4347	2876.3386	1667.4902	2430874.5	461667.06	3110770.8	1888608.2	14.098702	2.0008385	19.274366	8.349001	15.823898	1.2608942	17.841236	14.024811	288.0	288.0	0.0	0.0	93741.98	0.05681331912878788	1620001.0	570.6217	56.71645	856.9231	473.2658	570.62195	56.722572	872.9712	469.84726	5.420587	0.21720165	6.757729	4.1068172	0.40117905	0.059609104	0.7663359	0.34192687	0.9998413	1.0351957	3.4319305	-11.916096	-438.57	76.809456	76.49863	0.004232002	0.00021114887	0.00031843083	0.14123781	1.1522356	0.005470549	3.0918653	22.01935	-0.99984145	0.28736424	277.97397	15134.55387187004
55	2040.2526	348.79907	2971.566	1669.3097	2093926.6	262151.47	2654910.8	1825423.4	14.156958	2.0417178	20.256731	9.700625	13.357	1.7517787	15.301415	10.495424	288.0	288.0	0.0	0.0	95216.414	0.05667643694196429	1650001.0	571.3162	56.755074	859.09045	472.09164	571.3159	56.761448	872.2162	471.18744	5.4210563	0.21867593	6.6564236	4.1333	0.4024207	0.05992927	0.76596135	0.32892564	1.0001882	1.0452135	3.3383799	-12.691724	-440.87418	77.57254	77.28133	0.004312403	0.0002169352	-8.097715e-05	0.12749888	1.1364849	-0.004145592	3.079286	21.743767	-1.0001879	0.3118136	278.61996	15413.188439369202
