Epoch	AverageEpRet	StdEpRet	MaxEpRet	MinEpRet	AverageTestEpRet	StdTestEpRet	MaxTestEpRet	MinTestEpRet	AverageEpCost	StdEpCost	MaxEpCost	MinEpCost	AverageTestEpCost	StdTestEpCost	MaxTestEpCost	MinTestEpCost	EpLen	TestEpLen	EpGoals	TestEpGoals	CumulativeCost	CostRate	TotalEnvInteracts	AverageQR1Vals	StdQR1Vals	MaxQR1Vals	MinQR1Vals	AverageQR2Vals	StdQR2Vals	MaxQR2Vals	MinQR2Vals	AverageQCVals	StdQCVals	MaxQCVals	MinQCVals	AverageQCVar	StdQCVar	MaxQCVar	MinQCVar	AverageLogPi	StdLogPi	MaxLogPi	MinLogPi	LossPi	LossQR1	LossQR2	LossQC	LossQCVar	LossAlpha	LogAlpha	Alpha	QcPi	QcPiRaw	QcPiVar	QcPiCVaR	PiEntTerm	PiQTerm	PiCostTerm	LossBeta	LogBeta	Beta	PiEntropy	TestTime	EpochTime	TotalTime
1	1891.7617	682.0573	2839.7937	249.73921	1890984.0	822928.2	2917809.2	524073.22	56.395107	18.838718	106.31173	27.864805	41.0691	19.206362	74.58072	21.858772	288.0	288.0	0.0	0.0	5871.2515	0.09785419108072917	30001.0	281.35294	182.3152	946.1601	-14.029793	281.23535	182.49588	950.6895	-14.532739	10.942876	4.6940613	24.464441	0.078763925	3.4530208	1.3903155	27.814068	0.6687523	0.9746832	1.2915673	17.84945	-14.027828	-259.7964	37.87135	37.32933	0.047138676	0.0047543906	0.014827181	-0.6733293	0.52197945	10.927666	10.921041	3.4537597	11.282496	0.5071522	281.406	21.102465	-12.820017	0.39987004	1.6612194	-0.97468305	1.1333544	389.02637	390.1449692249298
2	1890.2313	670.15137	2807.1995	313.11267	2021109.4	640436.75	2875810.8	871723.06	37.043827	13.600315	84.22354	18.434927	19.104702	2.6147995	23.750898	15.469504	288.0	288.0	0.0	0.0	9727.25	0.10808055555555555	60001.0	518.42615	180.06001	1071.3641	-7.219967	518.426	180.06001	1070.9591	-9.636689	13.803898	4.0279093	24.97801	0.517825	5.6299696	2.253405	33.114643	1.565615	1.0004733	1.2184591	10.182913	-13.316353	-454.6822	87.96319	87.77146	0.059930693	0.0045195622	-0.0002280899	-0.20285897	0.8171603	13.750948	13.750928	5.628395	14.20528	0.8173884	518.1697	62.670063	-40.40885	1.4746643	4.4522448	-1.0004731	1.265451	454.66147	844.8747034072876
3	1812.9609	598.47577	2714.81	197.47523	1460731.1	856788.0	2644090.8	10470.0	23.718203	4.7527933	42.135735	14.011127	11.223179	5.59868	18.25517	0.0	288.0	288.0	0.0	0.0	12195.636	0.1016302978515625	90001.0	545.81415	192.24399	1075.6227	-1.9249523	545.8119	192.25084	1073.0311	-0.4993459	10.475154	2.6206467	23.180761	0.0026338033	3.0947528	2.9070756	129.14949	0.6675513	1.0009389	1.1192389	10.858236	-14.343756	-465.9658	95.2963	95.33337	0.027191648	0.0033950242	-0.0006586713	-0.094330594	0.9110198	10.410741	10.410019	3.0929592	10.732406	0.91167843	545.34235	78.46488	-41.516666	1.9934522	7.3898616	-1.0009387	1.2267747	477.81485	1322.7236168384552
4	1873.0051	555.471	2738.3516	247.1382	1890023.6	665271.7	2557026.8	72625.61	18.151022	3.4309208	29.497927	11.478255	11.824108	3.774126	15.117824	1.1851416	288.0	288.0	0.0	0.0	14078.997	0.09385998046875	120001.0	532.0524	188.9027	1019.4468	-7.9677267	532.04895	188.91364	1011.2604	-6.749634	7.8406854	1.1464428	14.214488	1.0631514	1.3335108	1.5213829	118.253815	0.24855402	0.99989074	1.0940729	6.350572	-12.602844	-448.4846	91.053566	91.378235	0.010654922	0.0008758967	0.00025164903	-0.029259322	0.9715353	7.7786074	7.777946	1.3333874	7.991425	0.97128373	531.4169	81.961006	-30.348463	2.3309817	10.3227415	-0.9998912	1.3606355	489.5169	1812.3111684322357
5	1702.2491	601.1908	2675.147	65.42758	1759037.4	775909.4	2749564.8	39444.12	15.006258	2.5349267	20.465136	5.969749	8.34744	2.9886925	11.22738	0.3098248	288.0	288.0	0.0	0.0	15644.24	0.08691244574652777	150001.0	524.16046	188.57814	970.1448	-2.8615713	524.1555	188.59335	968.7561	-4.587562	6.150717	0.6022872	9.321531	3.1240559	0.69669175	0.46570134	5.6708364	0.18332736	1.000215	1.0482309	4.374507	-12.185739	-440.11597	96.37914	96.59605	0.006308203	0.00022547896	-6.282582e-05	-0.05027574	0.95125866	6.090398	6.0877404	0.6966539	6.2472954	0.9513215	523.4192	82.35193	-16.235008	2.580705	13.232838	-1.0002142	1.0939162	500.53995	2312.6919157505035
6	1644.4801	572.4153	2552.609	85.30221	1639117.9	632726.1	2457791.0	411321.16	11.585195	2.1690874	17.927046	5.687373	5.967693	1.4360213	8.606719	3.6883006	288.0	288.0	0.0	0.0	16849.43	0.08023537946428572	180001.0	505.41248	188.34554	941.0188	-4.9244466	505.39957	188.38078	935.5067	-8.852597	5.132013	0.37820902	7.269275	3.416352	0.5247921	0.2938309	2.0775387	0.1915823	1.0004895	1.0343626	4.2700996	-13.491865	-420.15906	97.48854	97.72511	0.0051531633	0.00019363016	-0.00034091985	-0.016023848	0.9846615	5.0737176	5.0670433	0.5247258	5.211168	0.98500246	504.60266	83.458626	-3.834143	2.7741032	16.043404	-1.0004889	1.0673506	481.53174	2794.213139295578
7	1721.3927	611.46265	2605.8467	79.89293	1595922.1	641776.1	2724168.8	483266.94	10.494339	1.9112104	16.489075	5.8633723	9.373386	2.520854	13.29985	3.1964936	288.0	288.0	0.0	0.0	17943.28	0.07476366373697917	210001.0	489.71747	185.7591	900.216	-16.686031	489.70734	185.7868	906.76385	-20.506502	4.7095284	0.27219492	6.5033946	3.3527524	0.45435312	0.21458423	1.5649474	0.17380443	1.0002722	1.0362014	4.265281	-13.369808	-399.86246	96.012794	96.19164	0.0045087235	0.00017285731	-0.00014244604	0.018541394	1.0190551	4.6560884	4.646259	0.45444947	4.784869	1.0191976	488.89813	88.01651	-0.22411038	2.9121027	18.401615	-1.0002724	1.0444958	487.99362	3282.2371447086334
8	1709.1583	573.7587	2648.916	52.217236	1349702.2	780765.9	2498524.8	540.0	10.016968	2.0230641	15.117266	3.5748973	4.545716	2.2085087	7.950144	0.0	288.0	288.0	0.0	0.0	18985.055	0.0703150173611111	240001.0	482.16904	184.5216	891.4394	-16.634718	482.16217	184.54028	895.7848	-18.205023	4.617535	0.25962755	6.251617	3.3370028	0.43070203	0.18076791	1.2964588	0.17545456	0.99981326	1.0415212	4.1009297	-11.910038	-393.1962	96.26012	96.395164	0.004429006	0.0001768696	0.0003369804	0.014438763	1.0149583	4.5708203	4.560124	0.4307887	4.6966677	1.0146213	481.39825	87.187485	0.033067085	2.9211073	18.563477	-0.99981326	1.0717368	498.4127	3780.6103794574738
9	1634.4309	590.61536	2622.034	72.1392	1977856.6	429211.44	2748870.8	1289343.6	9.854521	1.859427	14.494348	4.523305	6.959357	1.689067	10.375728	4.831134	288.0	288.0	0.0	0.0	20012.594	0.06670864583333333	270001.0	481.63977	184.31653	884.49713	-16.83311	481.6375	184.32434	892.7639	-20.524801	4.6046467	0.24996689	6.32264	3.2821548	0.4202437	0.17484532	1.3135718	0.17713332	1.0001659	1.0377191	5.8690834	-11.750348	-394.82697	95.79847	95.921875	0.0042699063	0.00016739653	-2.810003e-05	-0.012600879	0.9878259	4.5635595	4.55281	0.42031538	4.687919	0.98785394	480.9335	85.11867	0.04618053	2.8989348	18.157024	-1.0001665	0.9193461	509.2532	4289.83399605751
10	1608.5256	671.76294	2651.307	54.5096	1026039.2	944445.44	2727161.2	1080.0	10.583612	2.1733391	19.422262	4.0461264	4.711327	3.335766	8.915422	0.0	288.0	288.0	0.0	0.0	21117.988	0.06399390388257575	300001.0	481.97797	183.34253	883.30835	-16.826838	481.97638	183.34818	887.8407	-20.401855	4.632731	0.23551671	6.259044	3.4120178	0.40758142	0.15655056	1.14504	0.17477503	0.9997194	1.0351135	9.542366	-12.388727	-398.76892	94.65624	94.73848	0.004162913	0.0001508947	0.00039885406	-0.02328546	0.9775888	4.5969753	4.586602	0.40767273	4.7196903	0.97718984	481.33667	81.590485	0.041553095	2.8498657	17.288008	-0.9997197	0.99395275	464.54147	4754.411905050278
11	1642.4802	633.84863	2677.158	65.179756	1545799.8	703321.2	2676007.8	0.0	10.784412	1.9488058	14.54457	4.977423	5.7102966	2.2794642	9.2	0.0	288.0	288.0	0.0	0.0	22239.018	0.061775048828125	330001.0	484.7781	184.3094	889.78046	-11.148262	484.7773	184.31279	892.1126	-13.734958	4.684847	0.22987324	6.024437	3.4170012	0.4034951	0.14329411	1.035014	0.17177296	1.000167	1.0387014	7.2498937	-14.519974	-407.1444	95.38206	95.40225	0.0041395747	0.0001426049	-1.8863297e-05	-0.076091446	0.92716396	4.6540017	4.6442013	0.40360332	4.776296	0.9271828	484.20163	76.13006	0.043139607	2.7686303	15.94068	-1.0001669	0.97969556	490.03848	5244.421879053116
12	1618.4381	622.0011	2623.2463	49.640747	1817994.6	648755.3	2684225.2	526931.8	10.6849375	2.1726909	16.012947	2.6609786	7.6886687	1.3023744	9.536035	5.533573	288.0	288.0	0.0	0.0	23351.572	0.05987582632211538	360001.0	484.6158	186.07477	896.3661	-10.881199	484.614	186.08058	899.02136	-14.894426	4.721432	0.23932831	6.1036563	3.5715816	0.40892768	0.14977357	1.0759647	0.17103475	1.0001683	1.0259781	9.181852	-13.989515	-405.96222	95.37188	95.36479	0.0041339155	0.00014413176	-3.4734647e-05	-0.07337463	0.92961967	4.693562	4.684114	0.40903938	4.816588	0.92965436	484.0672	77.17535	-0.044745773	2.7738156	16.022892	-1.0001683	0.974	492.43005	5736.847533941269
13	1684.6294	589.9092	2606.7014	41.207344	1608754.2	718875.44	2661626.5	33613.17	10.699538	1.8947423	14.831738	3.3318126	7.381643	3.048513	12.242945	0.0027098448	288.0	288.0	0.0	0.0	24466.17	0.05825278552827381	390001.0	483.67157	186.00667	894.4414	-9.275956	483.67047	186.01039	905.06366	-12.250998	4.693399	0.22839147	6.158514	3.6503515	0.40199053	0.1438842	1.0251868	0.16565439	0.99988353	1.0293958	9.089174	-13.053323	-405.74695	96.63175	96.57617	0.0040973504	0.00014232057	0.00023248699	-0.09951155	0.9055802	4.6674232	4.657746	0.40206686	4.789441	0.90534776	483.1199	76.46763	0.022848194	2.770391	15.966534	-0.9998833	0.9965129	488.36185	6225.197692394257
14	1784.0787	575.0593	2622.2488	38.018036	1689835.6	703275.4	2356679.5	18270.0	10.9566345	2.2150064	16.533224	3.5329688	4.706781	2.1874855	7.201034	0.0	288.0	288.0	0.0	0.0	25606.512	0.056903359375	420001.0	484.31885	185.69223	895.4995	-7.9895263	484.31885	185.69395	896.42377	-10.285477	4.690801	0.22635652	6.0680265	3.7145135	0.40371603	0.15025945	1.2059962	0.16193491	1.0001606	1.0265573	7.8093596	-13.591028	-405.6646	97.00235	96.93125	0.0041311868	0.00015047072	-1.5653945e-05	-0.09697897	0.90806055	4.6666303	4.656958	0.40378696	4.7887907	0.9080762	483.76492	77.192276	-0.032614056	2.7799246	16.119349	-1.0001603	0.9639571	503.68143	6728.891315698624
15	1676.7202	565.5116	2591.2446	58.566967	2096089.6	574911.0	2806949.2	925578.1	10.473505	1.8575177	15.856786	5.916548	11.543444	1.9371794	13.70578	7.6642294	288.0	288.0	0.0	0.0	26698.465	0.0556218017578125	450001.0	482.2307	184.11519	893.4337	-10.3686075	482.23035	184.11594	895.05804	-10.453942	4.644811	0.22179243	6.067622	3.6205246	0.3993968	0.14758965	1.5040675	0.15938644	1.0000284	1.0346826	6.474108	-12.929865	-402.96072	95.647545	95.548584	0.0040840153	0.00015177934	0.000111989306	-0.08438292	0.9194907	4.621215	4.6111073	0.39940906	4.742731	0.91937864	481.6441	77.763985	0.01763364	2.796863	16.396376	-1.0000285	0.98957014	498.91528	7227.80472445488
16	1541.4838	647.81274	2569.9302	40.300915	1490503.0	714789.1	2530626.5	33346.047	10.429328	2.5030007	16.746803	1.1548488	5.1133294	2.6017737	8.269663	0.9264246	288.0	288.0	0.0	0.0	27785.662	0.05448169041053921	480001.0	481.0315	183.5683	891.44934	-7.859478	481.03012	183.5731	895.08514	-8.338656	4.683254	0.23561242	6.041861	3.6393456	0.40090948	0.14190972	1.0037928	0.15605724	1.0000696	1.0281395	7.5848436	-11.955553	-402.44278	94.9467	94.81632	0.0040914593	0.00014839093	6.965483e-05	-0.08337879	0.92038524	4.6622467	4.6525035	0.4009528	4.7841277	0.9203156	480.47528	77.11219	-0.00704948	2.779938	16.118544	-1.0000696	0.9943452	495.07614	7722.884430408478
17	1704.9863	605.6294	2664.4402	51.1367	1460151.4	806688.56	2219997.0	0.0	10.619025	2.267476	17.341686	4.6422253	5.1040726	2.8645594	8.669496	0.0	288.0	288.0	0.0	0.0	28891.12	0.05350207248263889	510001.0	478.64716	182.16098	887.67725	-11.503122	478.6468	182.16331	888.57306	-14.459455	4.6271462	0.22716591	6.073303	3.5494561	0.3995887	0.14294493	1.0146203	0.15971994	1.0001179	1.0424745	6.9038663	-12.759888	-399.54575	93.51988	93.49104	0.0040953904	0.00015248584	2.54879e-05	-0.07054447	0.93246555	4.6057525	4.5954676	0.3995745	4.7273846	0.93244016	478.0638	77.585686	0.013072295	2.7979276	16.411877	-1.0001179	0.95643926	501.53607	8224.414301156998
18	1759.947	609.12695	2640.1472	70.31844	1811148.8	642327.2	2544892.2	285648.94	10.267173	2.051586	16.781773	3.9296806	7.0397134	2.3814027	11.556345	3.3948574	288.0	288.0	0.0	0.0	29959.953	0.05256132127192983	540001.0	477.7926	180.92662	872.55707	-9.178234	477.79196	180.9287	873.7312	-9.920334	4.604571	0.22163022	6.0821958	3.5978208	0.4015656	0.14878109	1.8835655	0.16328144	1.000122	1.0608916	6.924278	-13.550009	-400.7861	91.47019	91.44153	0.0042057917	0.00016294261	2.2832926e-05	-0.097330526	0.9077261	4.584119	4.573631	0.40147424	4.7059274	0.9077033	477.21085	75.51701	-0.020095965	2.7754762	16.04773	-1.0001225	0.950629	523.5133	8747.951663255692
19	1699.9849	557.0028	2569.4702	55.252388	1887238.0	544892.7	2477533.0	758468.0	10.311796	2.1203313	18.753944	3.3101668	8.520233	2.1967137	12.447036	4.7099295	288.0	288.0	0.0	0.0	31033.281	0.05172213541666667	570001.0	478.3451	179.7833	879.171	-6.9695787	478.34363	179.7877	883.04926	-9.776696	4.5952435	0.2314963	6.213273	3.54581	0.4035016	0.1569458	1.0999116	0.18405056	0.9998756	1.0389333	8.680767	-11.704545	-400.0124	90.244225	90.22549	0.004154778	0.00016259648	0.00024675095	-0.07457194	0.9285588	4.5758276	4.565233	0.40348834	4.6977983	0.928312	477.786	76.84529	-0.029965533	2.7945354	16.357367	-0.9998758	0.9678595	518.0562	9266.119448184967
20	1614.6335	633.0186	2557.3455	37.35042	1908881.2	633173.1	2651933.8	213279.56	10.42051	2.0751789	15.76402	2.0936673	5.0604925	1.1252143	6.719241	2.9163458	288.0	288.0	0.0	0.0	32120.443	0.050984830729166666	600001.0	474.8494	178.39093	864.62854	-9.844993	474.8478	178.39578	865.5935	-13.07149	4.5838494	0.24672979	6.245644	3.5818233	0.40337104	0.1679158	1.3462875	0.1894544	1.0002813	1.0317684	7.3687205	-10.975721	-393.34393	89.21996	89.213005	0.004193067	0.000172404	-0.00013483585	-0.053416334	0.9483867	4.565245	4.554508	0.40334573	4.68698	0.94852155	474.30487	80.012436	-0.014155151	2.8373222	17.070835	-1.0002806	0.9700844	531.0723	9797.108088254929
21	1541.06	646.38904	2509.72	32.002174	1892239.0	598263.8	2685211.0	691339.2	10.108091	1.9664541	14.533728	2.0353212	7.3714857	0.9471351	8.593517	5.7241244	288.0	288.0	0.0	0.0	33174.832	0.05026489701704545	630001.0	472.89575	178.60234	858.0215	-13.559889	472.89386	178.60727	851.763	-16.552387	4.6009665	0.25608748	6.2281437	3.6094706	0.39991444	0.17272475	1.2018905	0.19269232	1.0001255	1.0229479	6.9710026	-14.520415	-392.55997	88.78603	88.78538	0.0041609863	0.00017612714	1.6209904e-05	-0.05575226	0.9463203	4.5835586	4.5729766	0.3998526	4.7046423	0.946304	472.37836	78.872116	0.02326826	2.8192565	16.764996	-1.0001253	0.95847964	694.8362	10491.8906686306
22	1591.9297	641.153	2630.592	40.36778	1573137.9	754698.1	2724851.2	0.0	10.134266	2.1392307	15.244122	2.550611	5.5827074	2.2924945	8.242422	0.0	288.0	288.0	0.0	0.0	34226.56	0.04960370810688406	660001.0	472.32013	179.54909	857.8596	-9.933027	472.31842	179.55423	852.0774	-11.065354	4.620068	0.25315604	6.154124	3.502145	0.39609218	0.16525017	1.1387417	0.18703555	1.0000432	1.021154	7.890354	-11.972109	-392.71173	89.15448	89.06907	0.0041078273	0.00017007596	0.00010455373	-0.05417882	0.9479332	4.603968	4.593596	0.39604375	4.7246084	0.94782865	471.81265	78.15309	-0.011562332	2.8057692	16.541113	-1.0000433	0.9559512	859.1269	11351.033884048462
23	1708.9048	544.1965	2539.005	43.853806	1569336.2	712274.06	2494844.0	197211.5	9.998397	1.9630102	15.009411	3.6669538	6.215324	2.3545263	10.825732	2.4566188	288.0	288.0	0.0	0.0	35271.527	0.048988232421875	690001.0	469.18887	178.72505	841.4062	-13.955433	469.1874	178.72986	835.63617	-15.352858	4.58324	0.2419288	6.1801295	3.5117805	0.3916648	0.16577701	1.183107	0.18511327	0.99993837	1.035332	7.000968	-12.382671	-388.00854	87.896935	87.802124	0.004095395	0.00017604437	0.00019943576	-0.051027935	0.9507675	4.566509	4.5557823	0.39152953	4.686407	0.950568	468.65073	79.6916	0.04467604	2.8333583	17.004265	-0.999938	0.957062	976.23456	12327.272507190704
24	1647.5546	598.7883	2553.2883	78.32482	1407388.4	563576.7	2120002.8	0.0	10.300855	2.0948846	16.601923	5.543486	5.3865776	2.2855105	8.334918	0.0	288.0	288.0	0.0	0.0	36342.74	0.048456984375	720001.0	468.95425	178.7621	843.071	-8.214078	468.95282	178.76668	838.13947	-9.913729	4.578189	0.24208061	6.209173	3.6620574	0.39802915	0.17235288	1.1803944	0.18537162	1.0001855	1.05117	5.0147996	-13.195357	-390.39713	88.1373	88.0591	0.0042378837	0.00018921576	-3.7718153e-05	-0.066501625	0.9362282	4.5625963	4.5518217	0.39785558	4.6833644	0.936266	468.41714	77.08373	-0.03386783	2.800755	16.459215	-1.0001854	0.9674907	918.79626	13246.07304739952
25	1544.6193	686.73126	2590.0945	34.862926	1672507.9	507230.1	2334387.5	980265.6	9.875519	2.445738	15.221416	2.1770442	7.594766	1.1471881	9.742147	5.9910035	288.0	288.0	0.0	0.0	37371.19	0.04791178385416667	750001.0	467.2447	178.9048	838.84656	-13.541446	467.24265	178.91026	833.0018	-14.423851	4.568101	0.24425048	6.224329	3.5134315	0.39756638	0.1756849	1.1736773	0.18479258	1.000088	1.0335082	6.837618	-13.670471	-387.02133	88.79605	88.72604	0.004171249	0.00018808183	4.463752e-05	-0.052310675	0.9495161	4.552919	4.5420375	0.39741614	4.673535	0.9494715	466.72058	78.74976	-0.0015185459	2.824343	16.850063	-1.0000889	0.9642701	961.48584	14207.54461479187
26	1598.2368	665.3462	2569.3428	26.59017	2014410.4	373746.03	2679794.0	1373840.9	10.077418	2.3586862	15.044138	0.89853567	6.738898	1.7837	10.42485	4.472483	288.0	288.0	0.0	0.0	38421.375	0.04743379629629629	780001.0	466.1234	180.17694	840.6178	-12.430563	466.12274	180.18011	833.32733	-11.9459505	4.5661955	0.2405974	6.192471	3.5487716	0.39172196	0.17132536	1.1786404	0.18505436	0.9998442	1.0329384	4.6260624	-11.780764	-385.59366	88.89577	88.827484	0.004104202	0.00018136985	0.00028692768	-0.067118734	0.9357532	4.551416	4.5405207	0.39157313	4.6711807	0.93546635	465.59244	79.063324	0.017340621	2.8288047	16.925575	-0.9998442	1.1569829	909.566	15117.105682849884
27	1642.4963	588.58026	2556.811	50.410164	1312064.4	731627.8	2283290.5	29813.463	10.276738	2.347306	17.732515	3.8635519	5.731417	3.037685	11.250435	0.9366571	288.0	288.0	0.0	0.0	39495.09	0.04701796409970238	810001.0	466.6643	180.60976	840.44885	-10.99036	466.66345	180.61223	836.22107	-11.954481	4.592868	0.2406156	6.1635346	3.5734246	0.39547932	0.1713314	1.1217437	0.18256716	0.999968	1.0197299	7.0798817	-14.0434265	-387.24408	89.06033	89.00088	0.004108313	0.00017575632	0.0001586566	-0.0602317	0.9419914	4.5795455	4.5689526	0.3954199	4.6999197	0.9418327	466.15247	77.96658	-0.024510529	2.8085546	16.587954	-0.9999675	0.98113585	913.42444	16030.527912378311
28	1634.3516	626.30695	2601.9568	73.77548	1561666.8	1002499.6	2802655.5	0.0	9.6989765	1.8396419	14.620089	4.5213737	7.6107397	4.013268	11.855459	0.0	288.0	288.0	0.0	0.0	40503.555	0.046555809985632184	840001.0	465.39536	180.78224	842.8256	-8.533946	465.39487	180.78479	834.03186	-10.041289	4.5575194	0.24367921	6.2160664	3.568815	0.386117	0.16618514	1.6790612	0.18154337	1.0001273	1.0308319	4.609078	-12.290995	-385.6687	89.95033	89.91806	0.0040850625	0.00018200261	4.3427467e-06	-0.07262858	0.9305147	4.5433803	4.532383	0.3859677	4.6623263	0.9305104	464.85986	78.26069	0.075319566	2.8200452	16.783592	-1.0001273	0.9796121	857.6157	16888.143769979477
29	1648.1235	522.1184	2553.0479	89.61393	1591016.8	852343.8	2711681.0	0.0	10.003122	1.7975341	14.198883	5.537679	6.2190866	3.350977	9.604869	0.0	288.0	288.0	0.0	0.0	41543.086	0.046158984375	870001.0	465.11328	180.32863	835.00256	-6.087639	465.11304	180.33163	834.63556	-7.9512053	4.5791807	0.24656451	6.3376822	3.6854343	0.3973431	0.18518731	2.027545	0.18464193	1.0000477	1.0172333	3.7533596	-12.664663	-385.74176	89.75009	89.703766	0.0041038585	0.00018512386	6.738176e-05	-0.06808407	0.9346558	4.566219	4.5554786	0.3972643	4.686581	0.9345884	464.60068	77.9243	-0.04265144	2.810907	16.627583	-1.0000479	0.9626565	902.5593	17790.71725988388
30	1804.5292	542.26074	2637.975	79.2929	1804962.6	342467.7	2261456.0	1268968.2	10.3172655	1.8832974	15.390178	6.506971	5.018386	1.22452	7.483742	3.0598073	288.0	288.0	0.0	0.0	42619.26	0.04582716313844086	900001.0	467.64014	180.7357	843.4529	-1.5110354	467.63965	180.73683	834.03436	-4.419891	4.5781655	0.24027388	6.305144	3.691243	0.38742968	0.17007773	1.6609192	0.18353629	1.0002366	1.0240892	4.9229603	-12.07874	-390.69577	90.98672	90.938644	0.004077136	0.00017514893	-0.00011105342	-0.08545985	0.9186194	4.565915	4.555186	0.38735586	4.6850038	0.9187304	467.14334	75.52881	-0.029491056	2.7799516	16.121122	-1.0002363	0.9852133	908.23816	18698.990097999573
31	1683.7573	591.1125	2580.6948	58.986256	1527236.9	860066.06	2603774.5	0.0	9.828113	1.9563084	14.95019	3.2900314	5.645233	2.546197	9.354621	0.0	288.0	288.0	0.0	0.0	43642.316	0.04546074625651041	930001.0	469.69034	180.99533	842.54614	-4.895566	469.69003	180.99728	842.3409	-8.103844	4.5686584	0.23664747	6.1813636	3.6861155	0.38632447	0.17224492	1.7907287	0.17800757	0.99960047	1.0204715	4.76462	-11.848881	-391.79337	91.459305	91.41423	0.003998333	0.000171634	0.0004799938	-0.08141853	0.9222629	4.556422	4.5455947	0.38623777	4.675266	0.921783	469.1956	76.48045	0.031862244	2.7946534	16.358654	-0.9996006	0.98088694	754.28357	19453.238340377808
32	1729.4869	526.2459	2608.3608	79.35338	1705203.2	652467.4	2675882.5	242633.56	9.908291	1.6414043	13.910509	5.434012	5.7109976	2.11634	10.4556	2.38795	288.0	288.0	0.0	0.0	44673.586	0.04512483428030303	960001.0	471.80515	181.28831	848.7122	-7.0359573	471.8047	181.29007	834.6795	-8.606998	4.5942144	0.23307225	6.1991606	3.608038	0.38016856	0.16170794	1.257579	0.18440647	1.0000527	1.0148666	3.8004518	-14.3629265	-393.73	91.35502	91.28811	0.003910113	0.00015979614	7.403485e-05	-0.085567124	0.9184645	4.582832	4.57229	0.38013747	4.7009296	0.9183904	471.3059	76.65753	-0.00581437	2.7914808	16.307072	-1.0000532	0.94999003	905.8602	20359.101012706757
33	1610.0013	611.5763	2584.8816	54.689198	1997358.8	187569.72	2271782.2	1716833.8	9.803745	2.013916	15.065052	3.9381115	5.874163	1.6083419	8.426471	3.1697998	288.0	288.0	0.0	0.0	45695.12	0.04479913832720588	990001.0	471.91913	181.2526	845.65015	-7.152581	471.91956	181.25284	836.0618	-10.3983555	4.578846	0.23037246	6.264027	3.6372545	0.38132095	0.15865755	1.113376	0.18387562	1.0003108	1.0296006	3.9292717	-13.0663	-396.55423	91.30048	91.24086	0.0040084124	0.00016452624	-0.00016604621	-0.10164162	0.90385705	4.567808	4.5571165	0.3812405	4.6861553	0.9040231	471.4303	73.97205	0.002612831	2.7587717	15.7851515	-1.0003114	0.96269155	927.4709	21286.554153442383
34	1644.2648	576.88934	2612.3894	91.58155	1453915.8	748622.06	2682348.5	0.0	10.282898	2.003423	16.380674	4.9863386	7.784204	2.959456	10.748403	0.0	288.0	288.0	0.0	0.0	46768.496	0.044541424851190475	1020001.0	472.28027	180.97151	846.45966	-7.767784	472.27966	180.97516	846.1398	-10.745121	4.5941744	0.23553637	6.2973366	3.6962986	0.3856782	0.16751547	1.2207497	0.18688093	1.0000993	1.0101552	5.434274	-14.441098	-392.56653	92.06919	92.038635	0.0040003317	0.00016621669	6.8523615e-05	-0.08731781	0.91724735	4.584653	4.574124	0.3856541	4.703552	0.91717887	471.7935	78.30978	-0.106555134	2.8118904	16.647886	-1.0000987	0.9623592	667.4791	21954.052584648132
35	1590.8005	645.6027	2596.9006	49.563656	1771683.0	342727.2	2282745.5	1277239.6	9.548857	2.0627646	14.241932	3.2704704	6.0818067	1.8727049	9.024947	3.1499193	288.0	288.0	0.0	0.0	47759.473	0.04422173394097222	1050001.0	468.5961	180.439	843.59406	-11.750602	468.59537	180.44176	837.3336	-14.008065	4.5052857	0.23423713	6.336178	3.63302	0.38411057	0.18134104	1.2452416	0.18122014	1.0002431	1.018083	5.943507	-11.699767	-388.7105	91.48583	91.46192	0.0040063113	0.0001834569	-6.217275e-05	-0.083848365	0.92023474	4.4980063	4.4865193	0.38396746	4.6163125	0.92029697	468.10144	78.47062	0.16012149	2.8325183	16.999506	-1.0002433	0.96907854	938.7389	22892.797346830368
36	1532.038	628.7042	2570.848	68.02714	1772489.6	622116.4	2655424.2	567151.9	9.59974	2.2412813	15.083331	4.140957	5.68175	1.9856764	8.616738	2.3766503	288.0	288.0	0.0	0.0	48761.9	0.04392963823198198	1080001.0	467.5407	180.57635	838.43604	-10.605726	467.54068	180.57672	833.8153	-12.35385	4.516104	0.24303167	6.359338	3.6552138	0.39923093	0.1922533	1.2885524	0.19692628	0.99997383	1.0218501	10.424779	-12.583389	-391.67886	91.1859	91.16274	0.004244996	0.0002050476	0.00021996409	-0.108734034	0.8974339	4.51178	4.5004396	0.3991152	4.6323147	0.89721394	467.072	74.49593	-0.010724536	2.7775552	16.081749	-0.9999744	0.9571309	760.19916	23652.989430189133
37	1760.5027	509.89526	2626.4377	43.196903	1662863.2	382927.0	2358360.0	1283004.5	9.929825	2.0053964	17.771162	2.625849	6.0793667	2.2593553	9.480937	2.6043475	288.0	288.0	0.0	0.0	49795.28	0.04368007127192983	1110001.0	468.57736	180.35727	842.7496	-10.791634	468.5771	180.3582	837.8371	-12.387089	4.52912	0.23179398	6.224823	3.670143	0.39543876	0.17811912	1.3528737	0.20216548	1.0003792	1.0217196	6.717844	-11.610021	-393.63187	91.00765	90.9817	0.004121368	0.0001887092	-0.00015091937	-0.1179771	0.88907826	4.526632	4.5154757	0.39537665	4.6468587	0.8892292	468.1304	73.60932	-0.0048388797	2.7623491	15.839779	-1.0003786	0.98091054	958.7683	24611.765898942947
38	1766.9833	571.1871	2536.4143	71.81385	1223707.8	839645.4	2161201.2	0.0	9.787313	1.8376204	14.52419	4.951856	3.8601298	2.512549	7.0839453	0.0	288.0	288.0	0.0	0.0	50815.035	0.043431653979700856	1140001.0	467.9897	179.67078	849.47546	-9.353256	467.9899	179.6714	834.24725	-10.684097	4.522287	0.2290886	6.2200456	3.5695384	0.3974195	0.18043582	1.2030263	0.2022407	0.99966544	1.0309073	4.177384	-13.425066	-392.27768	89.67332	89.64607	0.004146947	0.00019251372	0.0004665613	-0.1093916	0.8969035	4.5201864	4.5089674	0.3973481	4.640685	0.896437	467.5376	74.363495	-0.00402896	2.7740257	16.02428	-0.9996651	0.9858761	768.3881	25380.141553401947
39	1647.4255	563.59875	2611.652	54.4872	1906575.4	725075.7	2631984.2	1080.0	9.877638	2.1519463	15.435588	1.6739239	5.355337	2.1537166	7.994654	0.0	288.0	288.0	0.0	0.0	51846.45	0.04320537434895833	1170001.0	468.5919	179.03458	840.0642	-11.732691	468.59207	179.03503	842.87585	-12.784726	4.5172896	0.23331322	6.329929	3.536678	0.394002	0.17569478	1.2118711	0.20153426	1.0005344	1.0210874	3.6433578	-12.554995	-394.2608	89.64692	89.624	0.004117728	0.00018590069	-0.00028660276	-0.10404298	0.9019551	4.516128	4.50485	0.39398652	4.636201	0.90224165	468.1566	72.99356	0.032187812	2.756469	15.744585	-1.0005348	0.95583034	978.1041	26358.24871468544
40	1652.8398	533.0209	2514.1594	81.30662	1910775.8	677943.44	2616727.2	5940.0	10.078653	2.296926	17.15139	4.4559574	5.4623656	2.1745424	9.082292	0.0	288.0	288.0	0.0	0.0	52894.133	0.043003360010162604	1200001.0	467.82416	178.92336	839.70544	-10.623734	467.824	178.92355	835.40845	-11.362829	4.506346	0.2391878	6.3215966	3.5981915	0.40033984	0.18844162	1.2165803	0.19764537	1.0001174	1.0392997	3.1004744	-14.179236	-395.3785	89.84552	89.83011	0.0041861245	0.00020086621	8.027491e-05	-0.11900733	0.88845384	4.504809	4.4933915	0.4002715	4.6255946	0.88837355	467.38202	71.11514	0.051030286	2.7324944	15.374544	-1.0001173	0.9827442	895.61633	27253.912287712097
41	1612.3607	637.8455	2578.2373	81.661644	1352053.9	941938.6	2643370.8	4770.0	9.779455	1.9281455	14.898537	5.4177284	4.974115	3.407639	9.929177	0.0	288.0	288.0	0.0	0.0	53918.492	0.04279245411706349	1230001.0	467.5352	179.09926	838.656	-7.3456774	467.5352	179.09932	833.2249	-9.495576	4.5113173	0.23538987	6.3078594	3.6455257	0.39809495	0.18549734	1.2447768	0.19638997	1.0001345	1.0368563	3.9821134	-13.518943	-393.99533	89.82745	89.807	0.0041286983	0.00019343659	6.541434e-05	-0.10432259	0.90150034	4.509709	4.4983554	0.39801696	4.6301985	0.9014349	467.10614	72.20934	0.017582783	2.746647	15.594872	-1.0001341	0.982589	686.3968	27940.266520261765
42	1612.583	616.1006	2539.1716	34.598476	1667328.8	550109.56	2444602.5	770296.1	10.234832	2.2293062	15.976655	3.0681987	6.6996536	2.614026	12.828317	4.0834007	288.0	288.0	0.0	0.0	54979.367	0.04261966448643411	1260001.0	467.3104	178.937	839.4699	-7.42435	467.31113	178.93634	837.4205	-9.024279	4.5637884	0.24643345	6.4462013	3.7397146	0.40688202	0.19450407	1.4010531	0.1940803	1.0002598	1.014429	4.04576	-12.060369	-393.2298	88.7206	88.69998	0.004166899	0.00019271289	-7.934879e-05	-0.09669333	0.90843934	4.5634375	4.5526547	0.40692216	4.685161	0.90851873	466.90692	72.76862	-0.14005445	2.7419617	15.52895	-1.00026	0.9694152	893.5819	28833.857120752335
43	1546.3888	587.71155	2567.5574	77.16214	1801441.4	778028.25	2650858.5	23481.363	9.933645	1.9876581	16.137936	4.5104017	6.436151	2.4246929	10.0185375	0.3367778	288.0	288.0	0.0	0.0	56014.195	0.042434996448863636	1290001.0	466.6746	179.23885	836.0005	-7.3583727	466.67517	179.23848	834.12195	-8.320373	4.5288243	0.23555045	6.2673984	3.6661155	0.39026785	0.17020328	1.2418932	0.19780177	1.0000497	1.0285001	3.5899873	-12.554402	-393.99582	88.87455	88.89682	0.004104549	0.00018409405	0.0001283371	-0.118311636	0.8893544	4.5279174	4.5167646	0.39024124	4.647501	0.889226	466.2661	71.381065	0.043541178	2.7314537	15.359016	-1.0000496	1.1980453	957.6843	29791.591653108597
44	1690.6953	557.55286	2597.5024	133.36107	1786688.6	525249.56	2391654.8	449613.22	9.532302	2.0204155	14.131827	4.7813845	6.277068	2.0372047	9.448611	3.508047	288.0	288.0	0.0	0.0	57005.32	0.042226163194444444	1320001.0	466.6531	178.0738	834.2566	-8.189336	466.65384	178.07248	830.8818	-12.545318	4.5173697	0.25963855	6.5503063	3.6637619	0.4051354	0.19968483	1.393433	0.19380763	1.0000224	1.0497191	19.821562	-11.59638	-393.4254	88.256325	88.282074	0.004303006	0.0002169624	0.00014765955	-0.119425185	0.8879225	4.515564	4.504226	0.40501794	4.636848	0.8877749	466.23065	71.917465	0.0008701349	2.7412395	15.508916	-1.0000222	0.98413396	915.5056	30707.04758000374
45	1576.6492	601.6001	2526.2754	71.68721	1643043.2	580191.2	2377550.5	236895.02	9.946813	2.3681262	19.92611	5.7896023	5.880033	1.9588343	8.874042	2.8598347	288.0	288.0	0.0	0.0	58047.07	0.04206309442934782	1350001.0	466.91006	177.424	842.43365	-12.443065	466.9105	177.42308	829.82385	-13.983668	4.5383954	0.25481552	6.3594937	3.5870414	0.4118198	0.19935547	1.3334471	0.19326891	1.0002506	1.0312362	10.665941	-11.529673	-392.43353	87.957214	88.00328	0.0042453683	0.00020598361	-5.9126345e-05	-0.10321567	0.90247446	4.5377994	4.5267196	0.4118162	4.66016	0.90253365	466.51154	73.175476	-0.061200105	2.7536526	15.702016	-1.0002501	0.9853451	952.4412	31659.48924922943
46	1672.3206	558.3309	2545.719	61.116917	1713181.2	744932.75	2772030.2	50081.55	9.9367895	2.0935314	15.441625	3.6062498	9.261831	3.2260754	12.745703	0.8120368	288.0	288.0	0.0	0.0	59077.207	0.04189872839095745	1380001.0	465.00714	176.89368	834.27826	-11.090906	465.00818	176.89323	831.64557	-11.7847185	4.5153346	0.2645353	6.371708	3.6293976	0.4038001	0.20341054	1.324807	0.19256082	1.0000137	1.0249338	11.192974	-13.023299	-387.07333	87.01063	87.066986	0.004195881	0.00021236658	0.00014223873	-0.081989	0.9218629	4.513879	4.5025005	0.4037589	4.634864	0.9217206	464.5841	76.58901	0.06361113	2.8045292	16.52309	-1.0000134	0.96588874	926.33746	32585.902323961258
47	1615.9941	627.39594	2555.0012	53.90391	1942150.4	335029.56	2468921.2	1326270.4	10.097515	2.496488	16.48197	3.7338624	5.667672	1.464372	9.612604	4.3664637	288.0	288.0	0.0	0.0	60128.285	0.041755753580729166	1410001.0	465.069	177.88223	828.67065	-7.320055	465.06796	177.88356	827.56885	-12.29807	4.536793	0.2490352	6.365293	3.632814	0.39558214	0.19412951	1.2856325	0.19875692	1.000004	1.0104387	3.5976114	-11.897419	-387.56827	87.58529	87.63166	0.003994157	0.00019586527	0.00015689866	-0.097267956	0.907937	4.536206	4.5251136	0.39563045	4.6561303	0.9077802	464.6656	76.189514	-0.03540274	2.7949073	16.363703	-1.000004	1.0983255	923.1821	33509.09072256088
48	1695.0521	522.8935	2497.7942	63.321827	1686672.4	395859.25	2106680.2	888130.56	9.770464	2.05811	17.15622	4.88396	5.342874	1.9863912	8.792479	2.1052558	288.0	288.0	0.0	0.0	61147.758	0.041597114158163265	1440001.0	464.4768	177.77867	830.59186	-8.396521	464.47607	177.7793	826.8414	-10.524565	4.5284963	0.249829	6.3733892	3.726086	0.39813042	0.19440481	1.2730923	0.19978552	1.0002315	1.0264993	5.0324554	-13.688853	-387.52817	88.00242	88.06263	0.004162436	0.00020785179	-5.8873116e-05	-0.088859305	0.9155641	4.5279884	4.516809	0.39813164	4.6482606	0.915623	464.07452	75.63073	-0.064726345	2.789173	16.269693	-1.0002319	0.9610717	968.1656	34477.15800023079
49	1658.6791	607.20557	2570.659	31.119818	1888438.2	449960.2	2663001.2	1248220.2	9.517294	2.4328997	15.776708	1.6659114	5.7971087	0.83934486	7.4764733	4.4559507	288.0	288.0	0.0	0.0	62139.195	0.041426130208333335	1470001.0	462.34763	177.25316	831.11694	-8.908399	462.3468	177.25438	830.7473	-10.270511	4.522128	0.26745006	6.4841166	3.608558	0.39722273	0.20632675	1.4286563	0.19180207	0.99972266	1.0048858	4.7205725	-10.775889	-380.9931	87.77223	87.83174	0.0041511175	0.00021709033	0.00039829928	-0.06312815	0.9395233	4.520915	4.509611	0.39722282	4.6408134	0.939125	461.9334	80.00119	-0.035212155	2.8471227	17.238754	-0.99972266	0.97951984	956.20575	35433.37008833885
50	1693.105	571.15216	2474.1694	35.136044	1572380.2	805064.4	2698272.8	0.0	9.669637	2.410769	18.474348	2.7549515	5.1344748	2.2318065	6.959007	0.0	288.0	288.0	0.0	0.0	63146.938	0.04127250816993464	1500001.0	462.8931	178.31308	832.19916	-8.31815	462.8925	178.31429	823.9997	-10.843117	4.490431	0.25129837	6.3067846	3.6206312	0.39335454	0.19556904	1.3115336	0.19075635	1.000228	1.0300349	3.019025	-14.276688	-386.36584	88.184456	88.25055	0.004081311	0.00021101537	-4.6242745e-05	-0.0868698	0.9174292	4.4895105	4.477875	0.393317	4.6089787	0.9174755	462.4854	75.2021	0.22604087	2.7918346	16.320414	-1.0002278	1.003097	944.53265	36377.966460466385
51	1641.8179	603.12396	2568.9568	57.750134	1770822.4	466333.03	2481472.5	1252904.9	9.462423	2.156355	15.011257	3.7956772	7.4438486	1.4566073	9.616478	5.286248	288.0	288.0	0.0	0.0	64133.527	0.04111123547676282	1530001.0	464.12326	178.97878	837.8096	-8.889601	464.12354	178.97836	822.61005	-11.486173	4.5212946	0.2568374	6.4323983	3.6450658	0.40039945	0.20445761	1.3778198	0.19741258	1.0001744	1.0353642	3.7747626	-12.663596	-387.46814	88.43304	88.4956	0.004224479	0.00022521931	1.1484099e-05	-0.1033289	0.902335	4.52061	4.5093317	0.40035862	4.641043	0.9023235	463.7118	75.34128	-0.0343164	2.78704	16.233782	-1.0001744	0.98747754	939.95593	37317.86330986023
52	1712.3591	675.1245	2572.3228	29.347836	1925304.2	454040.9	2457945.5	1060417.8	9.332315	2.424501	16.269003	1.3542689	7.5808244	1.2764696	9.41017	5.531185	288.0	288.0	0.0	0.0	65103.508	0.04094560239779874	1560001.0	464.52905	178.76198	831.86884	-9.751299	464.5293	178.76169	824.61414	-10.681825	4.522488	0.2474799	6.489171	3.6166184	0.39814737	0.19010273	1.2553829	0.20643172	1.0001961	1.0273637	3.6217456	-11.468419	-387.57993	88.15324	88.22627	0.0041158097	0.00020554342	-2.9574076e-05	-0.09755818	0.9076236	4.522248	4.5110016	0.39816043	4.6426563	0.90765315	464.12732	75.6398	0.003850042	2.7905412	16.29253	-1.0001963	0.98461604	964.09174	38282.06465244293
53	1625.1202	583.18353	2597.1465	55.03664	1718656.2	710073.9	2673675.2	98097.41	9.799213	2.3729742	15.094073	3.0693429	8.135852	2.951384	11.63559	1.7018867	288.0	288.0	0.0	0.0	66124.82	0.04081779031635802	1590001.0	462.9571	179.6082	835.52936	-10.075842	462.95596	179.61102	824.50006	-11.438787	4.5424175	0.23890717	6.305894	3.5892072	0.3923492	0.1805661	1.2397144	0.20786646	1.0000849	0.99451977	3.9122992	-11.78611	-382.80118	88.3869	88.438	0.0039316565	0.00018731973	7.0682e-05	-0.060359944	0.94244975	4.542595	4.531585	0.39247233	4.662335	0.9423792	462.54608	78.80245	0.010665618	2.8274035	16.902498	-1.0000849	0.9971411	1021.459	39303.4284863472
54	1589.4496	641.0491	2523.2336	55.963512	1633101.2	515438.9	2204472.8	619319.7	9.507216	2.1025019	14.343373	3.601198	6.5257034	1.9254298	9.802728	4.446587	288.0	288.0	0.0	0.0	67115.23	0.04067589488636364	1620001.0	462.8383	179.1276	838.8706	-8.924362	462.83844	179.12758	823.2979	-10.889367	4.558491	0.2518485	6.3005147	3.5987453	0.3868662	0.17740302	1.2981503	0.19695401	0.99982333	1.0207682	3.6478224	-12.447998	-384.01953	86.993	87.06123	0.0040147766	0.00019511057	0.000308611	-0.088375926	0.91618973	4.558033	4.547158	0.38686788	4.6769443	0.9158811	462.43106	77.49569	0.004320313	2.8075838	16.57093	-0.99982345	0.9731071	908.5469	40212.02822613716
55	1595.9438	659.33575	2526.2644	36.626026	1856944.6	677449.6	2538415.5	32250.0	9.7685795	2.5940793	17.23377	2.4151485	8.372377	3.0196896	10.954351	0.0	288.0	288.0	0.0	0.0	68132.98	0.040555343191964285	1650001.0	462.85498	179.36865	835.9435	-9.358757	462.8548	179.36935	826.94617	-10.973398	4.5220222	0.25583425	6.325274	3.6083362	0.39893547	0.1973352	1.3564821	0.19187371	1.0002555	1.0271059	4.9037175	-11.867958	-386.56693	87.500885	87.57737	0.0041733007	0.00021920406	-9.7776065e-05	-0.097729266	0.90752625	4.522327	4.511058	0.3989562	4.64269	0.907624	462.46234	74.98775	0.028717011	2.7819915	16.152142	-1.000256	1.0094013	984.0478	41196.12424445152
56	1648.4628	608.39166	2531.4678	66.31678	1690391.0	927867.44	2659309.5	0.0	9.914784	2.0793211	15.321906	4.9078617	6.0164504	3.3198338	10.176344	0.0	288.0	288.0	0.0	0.0	69165.18	0.04044747350146199	1680001.0	465.4336	180.6713	835.3352	-9.598618	465.43332	180.67226	826.8796	-10.135077	4.549812	0.25161806	6.4182515	3.5831182	0.3920089	0.18479916	1.3176662	0.20158133	0.9994406	1.0157465	4.2142067	-12.134673	-387.26553	88.19651	88.27508	0.004044151	0.00020061283	0.0006197962	-0.10532158	0.9006465	4.549719	4.538756	0.3920116	4.669284	0.9000267	465.04288	76.87727	-0.00017585098	2.8012109	16.464643	-0.9994409	0.9573884	953.9523	42150.06713461876
57	1609.1688	627.2588	2521.6191	58.90457	1748682.4	772074.1	2680388.8	139258.9	9.760546	1.9360507	13.862111	4.251304	6.7139473	1.9289963	9.229528	2.0891585	288.0	288.0	0.0	0.0	70181.52	0.04033420887212644	1710001.0	465.81525	181.41145	832.1945	-9.876616	465.81503	181.41154	826.00696	-12.088518	4.543012	0.24452838	6.320162	3.5742438	0.38996503	0.18328214	1.2603834	0.19779885	1.0003625	1.0112007	2.701858	-13.579662	-388.84454	89.31005	89.37041	0.004019647	0.00019689724	-0.0001683771	-0.10011112	0.90552485	4.5431604	4.532144	0.3899936	4.6624126	0.90569323	465.42392	75.67368	-0.003568227	2.7868469	16.230957	-1.0003625	1.0122786	908.83325	43058.97652769089
58	1727.8925	550.845	2525.7212	46.298416	1930660.0	437901.16	2679101.2	1366194.6	9.954575	2.1671503	16.427834	2.658203	8.292025	2.0689037	12.310369	4.47999	288.0	288.0	0.0	0.0	71217.72	0.04023599929378531	1740001.0	466.8025	180.5982	836.17395	-8.086375	466.80322	180.59657	832.1148	-9.821911	4.514825	0.24643561	6.308808	3.6018963	0.39005396	0.18644778	1.2338526	0.18926528	0.9998382	1.0311016	3.8637135	-13.705261	-390.795	88.37912	88.44915	0.004039972	0.00020245803	0.00026109908	-0.11668695	0.8905719	4.514123	4.502784	0.3900151	4.6332693	0.8903109	466.407	74.72171	0.09336702	2.780275	16.126104	-0.99983823	1.0108442	963.7193	44022.656913518906
59	1647.9342	630.1947	2541.9033	38.21821	2089917.8	578784.75	2749756.2	839527.8	9.888699	2.3805883	17.15533	2.1839068	7.895381	0.4904993	8.792687	7.327763	288.0	288.0	0.0	0.0	72252.586	0.04014032552083333	1770001.0	468.48114	179.5139	840.1898	-4.404481	468.48148	179.51212	833.60785	-6.974571	4.5418077	0.26762617	6.462532	3.63733	0.40576705	0.20627783	1.376395	0.19279723	1.0005981	1.0177532	3.2873278	-12.657233	-394.24686	87.91275	87.9745	0.0042439257	0.00022078538	-0.00040573586	-0.11205968	0.8947638	4.542395	4.5313296	0.405819	4.6636615	0.89516956	468.10687	72.96484	-0.08072202	2.7497175	15.64398	-1.0005975	0.9879105	959.1915	44981.814749479294
60	1687.2107	597.61597	2520.9968	56.60449	1796144.2	440204.16	2366648.2	1132516.9	10.047897	2.414011	14.841953	3.8229687	7.192192	1.1712049	8.669987	5.360894	288.0	288.0	0.0	0.0	73296.125	0.04005252732240437	1800001.0	468.1599	178.91698	830.05664	-5.332891	468.1605	178.91743	826.35156	-9.0014	4.5449343	0.2765536	6.6135235	3.627491	0.40137357	0.20455272	1.4998051	0.1909049	1.0001217	1.0158921	2.6832032	-13.031283	-390.2782	87.56748	87.62275	0.004226228	0.00022003906	3.5772323e-06	-0.08635834	0.91780835	4.544921	4.5338516	0.40137938	4.6655507	0.91780466	467.77588	76.57985	-0.009271498	2.7981236	16.414425	-1.0001222	0.9942424	970.5205	45952.34764409065
61	1692.8264	520.6989	2565.2026	55.085033	2053576.0	229511.42	2261501.8	1468351.0	9.928606	2.2091584	16.807043	5.279996	6.360963	1.0469425	8.144285	4.4977837	288.0	288.0	0.0	0.0	74330.17	0.03996245799731183	1830001.0	466.52112	177.74977	830.99304	-10.013292	466.52145	177.74965	828.9214	-12.3961315	4.4933805	0.3011202	6.703394	3.5519323	0.41616836	0.25013736	1.6816232	0.17503126	0.99993384	1.0390058	3.3443346	-13.6548395	-389.36957	87.169876	87.232475	0.0045016073	0.00027154337	0.00020113932	-0.098612465	0.9067152	4.49216	4.4804473	0.41606334	4.6140456	0.9065141	466.11203	75.835976	0.085670926	2.7992969	16.435877	-0.9999344	1.0139303	1037.1396	46989.43733406067
62	1613.27	647.3889	2561.4868	33.118793	1535581.0	624700.75	2195848.8	0.0	9.707062	2.7312496	17.279882	2.0648668	6.3802633	2.902643	11.835205	0.0	288.0	288.0	0.0	0.0	75341.414	0.039863182043650795	1860001.0	466.2053	177.75414	828.0889	-8.0195465	466.20462	177.75569	820.7929	-10.95737	4.521019	0.28274223	6.777775	3.5885208	0.41992864	0.24088345	1.7940152	0.1758831	0.99983275	1.0360366	3.1233664	-11.672192	-389.46945	86.216705	86.277084	0.0043260385	0.00024653366	0.00027292667	-0.09906604	0.9064132	4.520417	4.5090704	0.4198984	4.643164	0.9061402	465.7766	75.40098	0.04268602	2.7871637	16.238197	-0.9998329	0.9799855	1063.5472	48053.007142066956
63	1678.9696	531.27924	2615.1555	65.49426	2054097.4	473519.97	2687132.8	1226439.5	10.042017	2.2289078	14.332191	3.8753738	7.7637734	1.7308512	11.541701	5.167659	288.0	288.0	0.0	0.0	76387.73	0.039785274251302086	1890001.0	464.64725	178.74191	824.08057	-8.361733	464.64688	178.74182	823.57874	-9.804908	4.5155797	0.26884553	6.6372566	3.6517098	0.41966018	0.22033897	1.5100448	0.1844668	1.0001498	1.0355457	3.5606198	-12.489184	-391.7938	87.03989	87.10655	0.0044063395	0.00024092889	-4.754448e-06	-0.110328086	0.8961643	4.516148	4.5047865	0.41966856	4.6392817	0.89616907	464.25168	71.5617	0.018600583	2.7357528	15.423699	-1.0001494	0.9937017	1005.3014	49058.2532389164
64	1629.2716	596.5274	2552.2573	47.505966	1515840.8	637853.06	2451863.5	309644.22	8.896803	2.1130636	13.110351	3.176008	7.085641	2.0572686	9.938786	2.9735448	288.0	288.0	0.0	0.0	77312.25	0.03964730769230769	1920001.0	466.42532	179.76425	829.51135	-8.1662655	466.42422	179.76582	824.59076	-9.906675	4.5105615	0.26675487	6.605148	3.6919217	0.3967771	0.21665557	1.4561374	0.19604675	1.0000122	1.0249488	3.4740062	-11.4373045	-387.42484	87.98264	88.03287	0.0040746867	0.00022223037	0.000105789186	-0.10375368	0.9019344	4.5088615	4.4974256	0.39667374	4.628415	0.9018285	466.02075	77.69407	-0.017151644	2.8205395	16.789267	-1.0000122	1.018275	961.6784	50020.12204217911
65	1710.8927	573.6182	2561.8042	48.624416	1965225.4	414250.56	2736246.2	1288285.9	9.710088	2.1940098	15.112286	1.8288759	7.9911103	1.2832142	9.775048	5.865922	288.0	288.0	0.0	0.0	78324.24	0.03955769807449495	1950001.0	466.4009	180.5944	832.54596	-10.2900915	466.40085	180.5955	828.57074	-10.51524	4.480277	0.2733896	6.741213	3.6728938	0.3934475	0.22903597	1.7475965	0.19521314	1.0001415	1.0276455	7.1407456	-12.7397785	-389.6817	88.77202	88.81072	0.0042111785	0.0002448298	-3.8019418e-06	-0.10984311	0.89649916	4.4794335	4.467654	0.39336252	4.5981193	0.896503	466.0083	75.430115	0.050145272	2.7975361	16.404612	-1.0001408	1.015341	986.36914	51006.27910900116
66	1649.2451	591.2712	2548.737	30.002779	1636764.0	424049.56	2434089.8	1142558.0	9.457261	2.3872254	17.158735	0.9964361	6.350089	1.6781384	7.8146143	2.9182808	288.0	288.0	0.0	0.0	79310.734	0.03945807680348259	1980001.0	465.67532	179.97684	830.9916	-11.058739	465.67563	179.9757	832.00934	-12.162726	4.486251	0.29567403	6.632472	3.5810585	0.41587985	0.27119675	1.7542353	0.18147825	1.0001384	1.029629	4.6708426	-14.308317	-387.76843	88.98004	89.026566	0.0044263895	0.000285643	-1.2631297e-05	-0.09987377	0.9054258	4.485069	4.473302	0.4157767	4.6062536	0.9054384	465.2807	76.60685	-0.08299655	2.810955	16.63125	-1.000139	0.9737387	1055.4911	52061.80825781822
67	1627.3411	563.3049	2605.5396	51.34836	1971394.2	401849.6	2414563.5	1109274.9	9.6815605	2.4235637	16.039064	2.0626154	7.2209196	0.91670233	8.593552	5.5775876	288.0	288.0	0.0	0.0	80317.82	0.03937148054534314	2010001.0	463.53403	180.05907	833.761	-10.747479	463.53363	180.06042	828.46783	-11.68322	4.4792953	0.26255944	6.559418	3.5925949	0.39916453	0.23546623	1.7282064	0.19024795	0.9997512	1.0212113	7.51912	-11.415557	-385.92346	88.384995	88.425064	0.0041343383	0.00024510268	0.0003601293	-0.10594872	0.90021783	4.47905	4.4672756	0.39917055	4.598484	0.8998577	463.1214	76.29807	0.06416996	2.808789	16.592045	-0.9997511	1.016027	927.22705	52989.019956588745
68	1571.3982	620.7693	2478.0576	55.33963	1559462.1	781154.7	2614719.0	45330.0	9.297145	2.1394033	15.828541	3.4768531	6.6026664	2.731164	9.856578	0.0	288.0	288.0	0.0	0.0	81289.2	0.03927014643719807	2040001.0	463.56824	180.37276	831.3166	-8.207926	463.5672	180.37405	824.255	-10.451114	4.5140805	0.26569906	6.6226764	3.6648574	0.3910317	0.22007261	1.4892532	0.17936666	1.000205	1.0168084	3.51185	-11.722661	-384.1691	88.55889	88.597664	0.004074341	0.00023101066	-4.495746e-05	-0.08839249	0.9162953	4.513391	4.502001	0.39098784	4.6318717	0.91634035	463.17133	78.08591	0.022818781	2.8246431	16.85733	-1.000205	1.0013435	1050.4597	54039.484337329865
69	1671.2546	542.86615	2536.0107	43.14666	1418247.8	650132.75	2018910.1	0.0	9.62118	2.3093083	16.029348	3.899687	4.604969	2.1365674	7.609918	0.0	288.0	288.0	0.0	0.0	82289.91	0.03918566964285714	2070001.0	464.4086	179.48524	831.2728	-9.126651	464.40793	179.48616	828.9101	-9.78228	4.506424	0.28262487	6.6543617	3.6635795	0.4038573	0.24742472	1.6879226	0.17518573	1.0001491	1.0144668	6.0585017	-11.659132	-384.42145	88.5694	88.60767	0.0042126677	0.00025387935	-1.2324492e-05	-0.081257366	0.92275083	4.505901	4.4944	0.40381122	4.6257553	0.9227632	464.02286	78.67868	-0.11381093	2.8333154	17.00831	-1.000149	0.9699311	1072.7703	55112.28281259537
70	1553.3035	639.69653	2519.5398	80.1757	1957953.4	512692.97	2572480.2	603911.56	9.797579	2.493687	16.915352	3.8487854	7.781095	1.6298616	10.963228	5.414191	288.0	288.0	0.0	0.0	83312.32	0.03911376540492958	2100001.0	461.6954	179.32503	827.8408	-8.142274	461.69476	179.32663	824.5693	-12.285326	4.473028	0.2758369	6.55681	3.6465049	0.39855447	0.237521	1.6104113	0.18218312	1.0001165	1.0284189	3.8315754	-10.742027	-383.8408	89.31177	89.348915	0.0042211283	0.00025643583	2.6264826e-05	-0.07712078	0.92666465	4.4725266	4.4606476	0.39850393	4.59181	0.92663836	461.29367	76.52621	0.11976335	2.8132885	16.667091	-1.0001161	1.014045	998.50836	56110.86037373543
71	1585.6505	557.27795	2563.4175	58.1051	1792360.2	314284.94	2294238.8	1253942.6	9.764193	2.165607	15.170178	2.9588351	6.2145624	1.3024427	9.446671	4.584243	288.0	288.0	0.0	0.0	84327.42	0.03904047309027778	2130001.0	459.8932	179.88481	821.8529	-9.702782	459.89206	179.88673	821.00134	-11.84857	4.5152335	0.28756154	6.714732	3.6176977	0.3993181	0.23244055	1.6061116	0.18033466	0.9998573	1.0185134	2.9851635	-12.1766615	-379.00867	88.05007	88.09744	0.0041959994	0.000248323	0.00025496836	-0.063578315	0.9392484	4.5144777	4.503042	0.3992908	4.634045	0.93899345	459.48447	79.53682	-0.027145548	2.8427699	17.165537	-0.9998572	1.043942	963.5352	57074.339737415314
72	1630.0156	567.52716	2488.8403	34.50322	1838887.6	462103.66	2520189.8	1196620.1	10.086242	2.443842	18.957598	3.0914326	9.595611	1.2344385	11.401329	7.4199686	288.0	288.0	0.0	0.0	85378.6	0.038985662813926944	2160001.0	457.6304	179.16402	821.6914	-11.84491	457.63007	179.16446	816.0881	-13.447916	4.5003986	0.28405067	6.653004	3.6053982	0.40508065	0.2452033	1.6178036	0.17387043	1.0003049	1.011422	3.830099	-12.28785	-377.19495	88.41447	88.464905	0.0042344485	0.000254008	-0.00015946336	-0.06534543	0.9375091	4.500405	4.4888277	0.40507907	4.620527	0.93766856	457.2398	79.10723	-0.04994597	2.8401062	17.12057	-1.000305	0.9750681	1031.6436	58105.93494105339
73	1575.8828	652.03015	2552.772	45.396324	1827175.6	334606.47	2439790.5	1347960.1	9.361055	2.5273612	16.537617	1.6824626	8.241336	1.5965991	11.262622	5.9600263	288.0	288.0	0.0	0.0	86353.29	0.03889787795608108	2190001.0	456.94296	179.88483	826.65283	-9.214747	456.9426	179.88579	819.6204	-8.774914	4.4817715	0.27521425	6.597556	3.638402	0.39519966	0.22806007	1.5279245	0.1751809	0.99997807	1.0391036	3.5314884	-12.57941	-376.1024	88.32345	88.384705	0.0041618603	0.00024576203	0.00015014896	-0.06562485	0.9373044	4.4802494	4.4684587	0.39509702	4.5991583	0.9371542	456.52118	79.48158	0.15331121	2.8494651	17.280352	-0.99997836	0.95940375	1041.5835	59147.51091194153
74	1553.5243	652.21234	2513.992	51.72079	1350043.0	719238.6	2241949.5	0.0	9.744579	2.7212703	16.695986	1.7361373	4.741262	1.8854437	6.6827097	0.0	288.0	288.0	0.0	0.0	87368.16	0.03883029166666667	2220001.0	455.45123	180.09	823.53613	-8.946296	455.45126	180.0893	820.8572	-9.378421	4.5147905	0.2746635	6.7496643	3.6368666	0.4133431	0.23617025	1.7081354	0.193788	1.0002009	1.0218312	3.9833598	-14.489533	-377.10052	88.03544	88.10419	0.0042680693	0.00024661366	-5.7094385e-05	-0.07876772	0.9249492	4.515232	4.5038466	0.41340002	4.6369286	0.92500633	455.04907	77.023575	-0.038818836	2.809778	16.608995	-1.0002009	0.97118616	980.1438	60127.7335627079
75	1722.3308	496.09885	2508.2952	60.114494	1834733.4	741719.3	2706095.5	0.0	9.697164	1.8547244	15.184896	3.7161593	8.49745	3.51536	12.688781	0.0	288.0	288.0	0.0	0.0	88378.05	0.038762301260964915	2250001.0	458.10052	179.7424	819.7575	-6.801256	458.10007	179.74216	817.581	-10.205069	4.516733	0.26136255	6.4815483	3.6056113	0.39115527	0.20860228	1.5212184	0.17899892	0.9997835	1.0140883	3.966007	-11.125911	-375.4458	87.283745	87.3406	0.004028312	0.00021436847	0.00033522825	-0.060685717	0.9417758	4.51616	4.5048184	0.39113143	4.634912	0.9414405	457.71072	81.32346	-0.05399851	2.8646462	17.546623	-0.9997832	1.0056801	1026.7197	61154.392788648605
76	1751.7833	549.4641	2542.3413	70.0827	1514111.2	667305.6	2443906.2	0.0	9.810212	2.1269128	16.064054	5.1195893	7.053912	2.8648882	11.358534	0.0	288.0	288.0	0.0	0.0	89401.65	0.03870201231060606	2280001.0	458.3251	179.25537	818.41296	-9.471025	458.3247	179.256	816.4173	-10.847239	4.486727	0.27921182	6.653061	3.5527306	0.39731508	0.22503683	1.500399	0.17752369	0.9998427	1.0327675	7.380409	-13.391464	-378.4028	87.57304	87.63549	0.004260487	0.0002454644	0.00027001192	-0.07421079	0.9291171	4.4864035	4.474679	0.3972527	4.605723	0.92884713	457.94324	78.61161	0.0753985	2.837183	17.06942	-0.99984306	1.0207839	1112.3435	62266.71986579895
77	1699.741	496.92303	2472.2659	92.10399	1831454.0	521607.03	2615096.8	989635.1	9.990697	1.941513	15.710614	5.3094187	7.970408	2.073257	11.190287	5.006285	288.0	288.0	0.0	0.0	90440.98	0.038649989983974356	2310001.0	460.8464	179.72665	823.79956	-4.092411	460.84525	179.72838	817.9245	-6.5818133	4.5124006	0.2750884	6.711286	3.642158	0.40092397	0.22958593	1.6285291	0.18112579	1.000304	1.0220405	4.8577757	-11.974959	-378.57602	87.90176	87.958534	0.0041809147	0.0002443777	-0.00014811644	-0.058647703	0.9437709	4.5122566	4.5008283	0.4009013	4.6320987	0.943919	460.469	80.94904	-0.03681833	2.860764	17.476229	-1.0003047	0.9815724	1025.631	63292.459565639496
78	1598.4578	572.31006	2489.58	43.9666	1854094.0	487709.6	2210988.0	482752.5	9.818379	2.1982794	17.212221	3.5495846	4.771205	0.9723368	6.592581	3.4291153	288.0	288.0	0.0	0.0	91464.32	0.038592540216244725	2340001.0	459.64172	179.6196	818.7838	-5.3358574	459.63995	179.62279	817.7604	-6.6385074	4.506261	0.27339268	6.599115	3.6329937	0.40130416	0.22738865	1.5729878	0.17908329	0.9999384	1.0238649	4.514265	-11.243511	-377.65225	88.31026	88.379776	0.0041656066	0.00024235115	0.00018559118	-0.05065643	0.95148796	4.5060563	4.4945626	0.40128675	4.626016	0.9513023	459.2417	80.63815	0.0107949255	2.8582354	17.43121	-0.9999384	0.9719801	1046.9683	64339.34597492218
79	1614.1503	589.935	2539.03	54.22977	1725803.0	803986.56	2615166.0	0.0	9.2420635	2.3118856	16.530258	2.8768005	5.5989466	2.390057	9.209615	0.0	288.0	288.0	0.0	0.0	92426.04	0.038510849609375	2370001.0	459.1551	179.2437	825.2394	-7.18857	459.15543	179.24263	825.6191	-10.029182	4.479329	0.27868912	6.6259394	3.6545324	0.3983926	0.22952881	1.6866217	0.16819848	1.0002567	1.0444984	9.692188	-12.047853	-380.35388	88.15553	88.21497	0.0042879274	0.0002566355	-0.00010515184	-0.086566485	0.9176634	4.478228	4.4664135	0.39826033	4.597609	0.91776854	458.75598	77.48428	0.067909084	2.8244123	16.853514	-1.0002573	1.0131457	938.7975	65278.10894656181
80	1612.1935	603.4776	2555.5479	40.40306	2011798.0	247257.48	2322442.2	1482533.6	9.306961	2.1908073	14.410726	2.1828208	6.328246	1.273508	8.961537	4.9315467	288.0	288.0	0.0	0.0	93397.54	0.038435201260288064	2400001.0	459.8235	179.00824	828.6257	-5.126213	459.82373	179.00752	823.9202	-8.849546	4.4721174	0.2891395	6.7307806	3.740323	0.41328698	0.251843	1.6486814	0.1688434	1.000304	1.0509266	12.282532	-13.651632	-382.45166	87.53519	87.59579	0.0044413763	0.00028336968	-0.00015723634	-0.081058756	0.922716	4.4710994	4.459185	0.4131779	4.592275	0.9228733	459.42645	76.051926	0.07283418	2.8068993	16.560595	-1.0003048	0.97110605	974.35596	66252.45227384567
81	1554.8915	648.45776	2501.2761	31.998346	1424495.8	693008.94	2360982.5	12510.0	9.8577385	2.7514753	19.298096	1.2537155	5.5742617	2.821544	11.835789	0.0	288.0	288.0	0.0	0.0	94424.78	0.038384057418699186	2430001.0	459.63013	179.77353	831.55035	-8.874503	459.62967	179.77527	819.6576	-12.999919	4.5211816	0.27973083	6.6399336	3.6750484	0.41124082	0.23728736	1.5902575	0.17026764	0.9995587	1.0352885	12.141698	-12.442948	-382.57666	87.23495	87.29835	0.0042563877	0.00025302422	0.00055332977	-0.07681006	0.92674094	4.5215225	4.5101924	0.4112242	4.6428056	0.92618763	459.25375	75.75095	-0.08939474	2.791837	16.316227	-0.9995589	1.012532	1140.0596	67392.64332771301
82	1642.9595	638.2121	2520.3137	42.12385	1831215.0	674873.8	2542341.5	0.0	9.762339	2.0902526	16.052668	3.114518	7.6845293	2.7273822	9.988525	0.0	288.0	288.0	0.0	0.0	95438.8	0.03832883408634538	2460001.0	458.47766	179.71666	818.1285	-6.6814966	458.47763	179.71713	811.24646	-12.295576	4.53245	0.27198568	6.6414633	3.7217112	0.4061223	0.2210144	1.8264902	0.17171061	1.0004009	1.0147486	2.657658	-13.665045	-377.86484	86.5493	86.605774	0.0041184104	0.00022798083	-0.00023549271	-0.06197393	0.94075245	4.5331764	4.521997	0.40615892	4.6540365	0.940988	458.11703	79.31122	-0.0126442285	2.835456	17.039919	-1.0004013	0.960315	1033.2439	68425.75475382805
83	1669.949	613.27386	2524.29	62.594955	1632484.1	542084.4	2488903.2	524385.3	10.134957	2.0158346	16.362465	4.5733933	7.012807	0.93216324	8.587476	5.814274	288.0	288.0	0.0	0.0	96495.15	0.03829172557043651	2490001.0	459.13452	181.19106	815.17114	-7.510968	459.13373	181.19266	813.93	-10.678221	4.5404963	0.24955024	6.402374	3.6477282	0.3805867	0.17368604	1.3070529	0.18010673	0.9997924	1.0202754	2.4471235	-11.024113	-382.03827	87.41669	87.46987	0.003922964	0.00018749083	0.00031346426	-0.08051055	0.9230964	4.5410094	4.529965	0.3806042	4.658857	0.922783	458.778	75.816925	0.09008336	2.7892942	16.273342	-0.9997926	1.0287609	998.1095	69423.89268064499
84	1646.1395	636.44293	2586.4797	47.674675	1729635.6	887659.4	2712497.5	0.0	10.298049	1.8921582	14.981818	4.2197266	6.2795734	2.6554954	9.509243	0.0	288.0	288.0	0.0	0.0	97569.234	0.038262444852941176	2520001.0	462.1955	181.84912	822.97046	-8.740299	462.1956	181.8484	817.604	-12.871774	4.538827	0.23605764	6.2577443	3.6630068	0.383038	0.17270422	1.3512366	0.17807306	1.0000193	1.046401	2.9226027	-11.904378	-390.4029	88.28001	88.35309	0.0039831386	0.00019392118	0.00012205475	-0.10933647	0.89733934	4.539514	4.528482	0.3830184	4.6577597	0.89721733	461.8445	70.54438	0.049953368	2.717428	15.1454	-1.0000187	0.9773257	1049.7349	70473.67893457413
85	1594.1682	642.3563	2529.497	42.03987	1701511.4	713234.1	2655056.8	0.0	9.840677	2.3201718	16.482296	2.3138344	6.469542	2.3292017	8.858552	0.0	288.0	288.0	0.0	0.0	98594.61	0.038214964874031004	2550001.0	463.15695	182.12228	828.1384	-15.21928	463.15683	182.1231	821.2232	-18.307121	4.573726	0.26585168	6.5253897	3.4668777	0.40028217	0.2003167	1.3670857	0.17875478	1.0003566	1.0250638	9.61764	-12.834641	-386.19064	88.208176	88.24663	0.0041412218	0.00021473966	-0.00018417733	-0.07867923	0.9254605	4.5749297	4.5642166	0.4003336	4.6953626	0.92564464	462.819	75.70273	-0.16062373	2.7794228	16.119839	-1.0003568	1.0416377	1036.649	71510.35577702522
86	1618.0438	624.26764	2519.874	18.07845	2041818.4	358465.47	2658067.2	1251843.0	9.085748	2.2111406	15.168218	1.4906608	7.0946884	1.1829742	9.994174	5.5215306	288.0	288.0	0.0	0.0	99542.52	0.03813889786877395	2580001.0	459.90027	181.3397	818.5524	-24.559391	459.89926	181.34167	818.7537	-21.494007	4.5224557	0.2572529	6.3197174	3.6755095	0.38870713	0.1916049	1.6458635	0.17857046	0.99968153	1.0340242	19.979498	-12.703516	-380.49048	88.22866	88.27382	0.0040392806	0.00021165099	0.00044149792	-0.08561845	0.91900486	4.521983	4.510705	0.38864696	4.640739	0.91856337	459.53055	78.12151	0.07750399	2.822938	16.832224	-0.99968255	0.92958665	1056.4288	72566.7158908844
87	1685.2404	561.1578	2590.2627	124.19645	1551725.4	842359.75	2744979.0	81488.47	9.567561	1.8719668	16.729748	5.646894	6.6357117	2.5880005	9.887337	0.92416346	288.0	288.0	0.0	0.0	100536.7	0.03808208451704546	2610001.0	459.6557	182.9647	835.57324	-25.839016	459.65558	182.96532	823.2988	-25.943869	4.478912	0.24511233	6.358562	3.4777415	0.39740992	0.2104574	1.44854	0.1768323	1.0003043	1.063706	5.742589	-12.119707	-382.2638	89.82363	89.865105	0.004189073	0.00022141854	-7.6630655e-05	-0.114212364	0.8925301	4.4779205	4.466191	0.3972943	4.597567	0.8926066	459.28012	76.1237	0.04720596	2.8064787	16.557043	-1.0003042	0.97571325	1021.2914	73588.00701880455
88	1568.0562	631.8915	2623.9492	76.091286	1969922.4	467126.84	2453498.8	1089618.9	9.685505	2.0404584	14.461351	5.108641	7.1730833	0.9789247	8.524345	5.2910886	288.0	288.0	0.0	0.0	101547.61	0.0380328125	2640001.0	460.87396	182.65565	828.9587	-14.481001	460.87372	182.6548	823.70087	-17.572598	4.48947	0.24728835	6.400601	3.7153423	0.4032903	0.20888437	1.9458541	0.17983247	0.99981034	1.060024	7.514339	-12.637777	-384.71573	90.81664	90.85415	0.0042413035	0.00022419197	0.00034885426	-0.10544241	0.9003572	4.488799	4.477188	0.40319875	4.6094246	0.9000084	460.511	74.89524	-0.014444244	2.7879393	16.24831	-0.99981064	0.98366666	1097.9844	74686.01651000977
89	1655.1788	598.0453	2561.0454	36.97653	1682351.4	562822.1	2463169.5	602165.2	9.441279	2.2861993	14.25098	1.0711517	7.2243547	2.7619443	14.953253	4.770464	288.0	288.0	0.0	0.0	102527.95	0.03797331597222222	2670001.0	462.974	182.5855	831.7701	-12.922463	462.97357	182.58536	827.30237	-15.734684	4.4886727	0.2541647	6.4151196	3.6377306	0.40573308	0.22451912	1.4108726	0.17542508	1.0002006	1.057205	4.2362823	-11.390022	-387.06647	91.25804	91.28329	0.0042431164	0.00023639508	-4.3667e-06	-0.11882799	0.8884888	4.4878883	4.4762444	0.40563262	4.608574	0.88849324	462.6118	74.65689	0.0018907693	2.7849615	16.199642	-1.0002003	0.92748284	1141.8177	75827.78055977821
90	1466.4875	709.69934	2474.0906	71.2145	1873216.8	494507.8	2670094.5	1236546.2	9.777414	2.2511778	16.068794	4.051337	7.3098044	1.2540543	9.678694	5.442875	288.0	288.0	0.0	0.0	103548.664	0.03792991357600733	2700001.0	463.76367	182.96275	833.5078	-11.864037	463.76367	182.96294	826.2309	-13.872618	4.4953785	0.254792	6.5720644	3.7189913	0.40590215	0.22993131	2.0609775	0.17873706	1.0001055	1.0621176	4.3083415	-11.370928	-388.441	90.78241	90.819756	0.0042678714	0.00024113922	7.339589e-05	-0.12038768	0.88709885	4.49492	4.483351	0.40581506	4.61552	0.8870254	463.4123	74.084305	-0.017781492	2.7756822	16.051287	-1.000105	0.9593203	1059.9011	76887.8284778595
91	1594.0823	651.1646	2553.4363	43.244232	1367752.5	721686.5	2391539.8	0.0	9.660649	2.128099	13.657836	1.9640006	6.8941474	2.9304342	10.569768	0.0	288.0	288.0	0.0	0.0	104554.91	0.03788221240942029	2730001.0	462.9432	183.7476	835.564	-8.277904	462.94296	183.74747	831.9	-10.755628	4.490823	0.2458274	6.324578	3.7421422	0.40207824	0.21944384	1.7145708	0.18840078	0.9999438	1.0619026	6.0769005	-12.211434	-390.51547	90.70835	90.7505	0.004219223	0.00023816961	0.00019329363	-0.13402462	0.8750368	4.490719	4.4791183	0.40202734	4.610976	0.8748435	462.6034	71.2131	0.066844195	2.7370036	15.4452	-0.9999444	0.9289961	1169.4055	78057.15134191513
92	1659.2034	588.0732	2626.1694	59.26255	1611816.8	359559.53	2248715.5	1194294.0	9.696356	1.9059281	17.832058	5.010392	7.749841	1.5187478	10.165984	5.5152225	288.0	288.0	0.0	0.0	105565.125	0.0378369623655914	2760001.0	464.20438	183.6489	838.16296	-9.626357	464.20477	183.64854	828.38	-11.982891	4.5090075	0.25204253	6.4420514	3.682671	0.41032425	0.2341375	2.0849023	0.18406878	1.0001767	1.0633576	6.577372	-12.403404	-389.31827	90.43162	90.47573	0.0042975764	0.0002522201	-6.28473e-06	-0.12650898	0.8816552	4.5088696	4.4974766	0.41025805	4.6300874	0.8816615	463.8615	73.661606	-0.0854164	2.7668064	15.910012	-1.0001764	0.9426222	1186.5709	79243.70890855789
