Epoch	AverageEpRet	StdEpRet	MaxEpRet	MinEpRet	AverageTestEpRet	StdTestEpRet	MaxTestEpRet	MinTestEpRet	AverageEpCost	StdEpCost	MaxEpCost	MinEpCost	AverageTestEpCost	StdTestEpCost	MaxTestEpCost	MinTestEpCost	EpLen	TestEpLen	EpGoals	TestEpGoals	CumulativeCost	CostRate	TotalEnvInteracts	AverageQR1Vals	StdQR1Vals	MaxQR1Vals	MinQR1Vals	AverageQR2Vals	StdQR2Vals	MaxQR2Vals	MinQR2Vals	AverageQCVals	StdQCVals	MaxQCVals	MinQCVals	AverageQCVar	StdQCVar	MaxQCVar	MinQCVar	AverageQCM2	StdQCM2	MaxQCM2	MinQCM2	AverageLogPi	StdLogPi	MaxLogPi	MinLogPi	LossPi	LossQR1	LossQR2	LossQC	LossQCVar	LossAlpha	LogAlpha	Alpha	LossBeta	LogBeta	Beta	PiEntropy	TestTime	EpochTime	TotalTime
1	2644.043	223.3123	2812.34	1440.775	2865174.5	11579.88	2882994.0	2840502.5	40.1467	4.360082	65.85269	31.97796	37.38007	0.8509092	38.735523	35.63177	287.0	287.0	0.0	0.0	4197.9155	0.0699652587890625	30001.0	318.8527	147.76877	557.69305	-14.254115	318.81686	147.8501	557.9336	-11.386864	6.329568	2.029413	12.516902	0.003215963	7.2365665	2.8490756	22.1135	0.47284457	51.418507	26.720358	165.92815	1.16454	1.1695234	2.2171967	32.761494	-11.969522	-300.57864	235.2874	234.06482	0.15121683	0.024567429	-0.119937725	-0.07161144	0.9390949	-11.716619	0.5293292	1.8650068	-1.1695237	0.30926013	333.853	334.4070498943329
2	2696.3096	47.698914	2806.5505	2563.4927	2734368.5	11004.94	2751596.8	2716979.8	34.921604	2.8042243	40.322834	24.781746	38.372467	1.1681408	40.266163	36.681927	287.0	287.0	0.0	0.0	7843.41	0.0871490017361111	60001.0	537.5133	19.842438	629.9112	447.66428	537.5177	19.707346	624.57324	451.36884	8.58031	0.93347454	12.578827	6.620792	12.161673	0.84221363	18.1853	8.027248	86.65463	15.939334	168.51753	56.5391	1.0009826	1.3130127	6.715489	-11.929007	-482.23007	498.20334	498.07593	0.16944094	0.026042318	-0.0003517122	-0.16943417	0.84503883	-39.3916	1.533994	4.7163997	-1.0009826	0.3025906	335.6692	670.1421213150024
3	2667.8064	43.632275	2744.3494	2515.6084	2799718.2	13596.032	2825133.8	2783391.2	29.630856	3.1740477	36.05616	22.124676	31.967245	0.85587144	33.400322	30.30418	287.0	287.0	0.0	0.0	10941.253	0.09117710774739583	90001.0	558.9191	14.021122	638.5349	446.31235	558.9255	13.618479	644.03265	485.3887	8.157681	0.68074256	11.602016	5.9968867	9.539909	1.4797056	16.63366	4.106645	76.55113	11.267444	143.9652	46.835644	1.0000364	1.249474	9.5311985	-12.781931	-475.60754	538.28253	540.4564	0.12905893	0.028733728	0.0002697299	-0.17964059	0.83671576	-58.057167	2.034482	7.696772	-1.0000366	5.632045	340.62915	1010.7708466053009
4	2637.9197	49.14731	2777.5645	2493.392	2749467.5	18158.213	2778478.8	2715386.0	24.027782	3.0466554	31.323683	16.718906	17.88016	1.4052669	20.626322	15.920006	287.0	287.0	0.0	0.0	13449.189	0.08966126302083334	120001.0	553.8671	16.759846	642.7036	430.97598	553.87695	16.637165	644.68884	444.13858	6.913598	0.54564476	10.053213	4.9226236	6.037633	1.0242398	12.734297	2.8291535	54.133278	7.786305	107.38573	30.646011	1.0014585	1.1882461	9.327068	-11.691685	-457.31256	531.46387	527.21173	0.08610533	0.02267469	-0.00102932	-0.10025939	0.9070517	-61.84217	2.3642926	10.671142	-1.0014589	0.29369617	335.38385	1346.155115365982
5	2613.0073	50.313084	2697.0237	2406.4524	2623602.0	26769.527	2676760.2	2587674.2	19.592867	2.4248133	25.969564	13.964713	14.6979885	0.8747639	16.60823	13.447211	287.0	287.0	0.0	0.0	15497.387	0.08609659288194445	150001.0	536.2715	16.948639	623.2719	399.4379	536.27155	17.44842	620.5553	396.26453	5.8218527	0.37532884	8.608496	4.8002143	3.9519565	0.5676397	8.287282	1.770575	37.986774	4.401421	78.24374	26.730867	1.0008516	1.164671	6.880204	-12.947979	-432.95056	515.3087	502.6213	0.06224538	0.019836046	-0.00061304105	-0.0050232606	0.9964366	-59.285297	2.6111681	13.64206	-1.0008516	0.29113054	343.79263	1689.9536221027374
6	2563.0857	50.50998	2686.0544	2416.1406	2759088.2	35235.09	2815543.8	2690645.5	14.937995	2.2362685	23.021387	9.038164	12.560994	0.72986674	13.766475	11.427377	287.0	287.0	0.0	0.0	17055.018	0.08121436941964286	180001.0	515.4968	16.072233	605.38434	433.06216	515.4852	16.84097	607.01624	364.7219	4.997276	0.3203715	7.2666936	4.100824	2.8294604	0.46827286	5.6094513	1.0480297	27.904877	3.3042004	55.532864	19.929443	0.99913436	1.1489632	7.7638326	-13.699186	-407.97772	467.1103	459.82343	0.045243587	0.014888966	0.0011991721	0.033827864	1.0357519	-54.395428	2.8089328	16.614372	-0.99913424	0.30308223	344.62506	2034.5739388465881
7	2549.3333	57.298073	2655.6787	2409.9658	2686122.0	22392.682	2726589.5	2655414.8	13.079456	1.8796024	17.817291	9.121696	13.122118	0.86117315	14.818348	11.7828245	287.0	287.0	0.0	0.0	18427.586	0.07678160807291666	210001.0	510.16864	17.13085	592.48676	417.1691	510.16754	17.342686	610.6912	385.53503	4.5197268	0.22454311	6.538527	3.5418973	2.1940272	0.25882196	4.1402736	0.9160043	22.672386	1.9002286	44.918602	15.026207	1.0006571	1.1093948	7.26815	-12.824657	-396.30063	458.1364	456.5865	0.036621474	0.011851916	-0.00045236867	0.044675805	1.0467598	-51.978767	2.9742231	19.593437	-1.0006571	0.28853655	339.684	2374.243949651718
8	2511.467	52.828663	2638.1719	2393.1514	2589926.8	24580.184	2640398.5	2546159.0	12.123302	2.0271869	17.247057	8.330342	5.9786577	0.449274	6.7553954	5.3495603	287.0	287.0	0.0	0.0	19688.143	0.07291904658564814	240001.0	503.57852	18.367327	599.89636	383.19385	503.56888	18.841242	619.5913	338.3699	4.3187265	0.182493	6.0345535	3.1456628	2.0147266	0.24353762	2.6228313	1.0949329	20.69941	1.476099	38.15474	12.136322	0.9998443	1.0892787	5.4663935	-12.152599	-378.23737	454.26807	454.83746	0.03364509	0.011346812	0.00037992606	0.074488685	1.0782865	-54.29553	3.1163416	22.580187	-0.99984485	0.30244064	341.30234	2715.570141553879
9	2488.2725	47.401512	2627.0815	2357.48	2647349.5	39702.5	2713437.0	2587051.5	10.329733	1.3962852	14.305716	7.0320845	8.182178	0.84565866	9.490172	7.098477	287.0	287.0	0.0	0.0	20767.52	0.06922506510416666	270001.0	494.6062	18.6902	595.7576	362.13525	494.58994	18.999222	613.96704	302.9193	4.1518545	0.16223766	5.7293043	3.4290547	1.7694069	0.21976371	2.3923633	1.0261956	19.033634	1.2748443	34.686928	13.735584	1.0005816	1.0750177	6.5065837	-11.245309	-358.98914	436.1715	437.50232	0.031228801	0.011370443	-0.0004241708	0.08624181	1.0909666	-55.425037	3.2407398	25.567167	-1.0005814	0.30165195	342.2859	3057.8527715206146
10	2468.0344	50.3318	2600.0234	2351.5496	2611068.5	31251.633	2657946.0	2551759.0	9.574474	1.3514726	13.028425	6.5658417	6.788253	0.6806185	7.7951202	5.9731617	287.0	287.0	0.0	0.0	21769.115	0.06596701586174242	300001.0	482.25397	19.2173	600.8337	352.02878	482.23978	19.08511	606.21576	301.08347	4.0315895	0.152562	5.6614547	3.3040812	1.631305	0.20171027	2.1970046	0.92591304	17.908314	1.1838937	33.771896	12.635078	0.9999433	1.0478524	5.7166924	-12.473488	-335.7677	416.14966	426.54355	0.029437333	0.010958578	0.00024000225	0.06979844	1.0733573	-57.27368	3.351391	28.55543	-0.99994344	0.28093505	343.3967	3401.2614362239838
11	2445.612	57.625385	2580.4644	2302.6123	2558956.0	34543.81	2612308.2	2507513.8	8.537883	1.4260192	12.978607	4.713878	5.5635414	0.7624419	6.7011404	4.4816856	287.0	287.0	0.0	0.0	22661.3	0.06294805772569445	330001.0	473.298	19.958485	588.25946	343.27353	473.29602	19.661821	578.07104	317.63455	3.9499028	0.14871185	5.5733457	2.8705132	1.542361	0.18687572	2.0492857	0.90664583	17.166231	1.1161453	32.39857	10.089734	0.99974346	1.0392156	4.9214163	-14.135106	-315.16016	405.53455	411.55447	0.028054606	0.0102245305	0.00042226762	0.13145486	1.1409352	-59.89502	3.4510825	31.546288	-0.9997434	0.30850744	340.8152	3742.06946849823
12	2406.1074	60.467236	2586.6445	2234.8552	2548678.0	39328.6	2615189.2	2488383.0	7.72875	1.3027271	10.919578	4.7618914	4.9528775	0.429531	5.580558	4.161787	287.0	287.0	0.0	0.0	23467.264	0.06017247095352564	360001.0	460.68127	19.045403	559.19794	285.27902	460.69388	19.043417	546.7346	320.2405	3.7924476	0.12761733	5.222213	3.109149	1.4256185	0.17543715	2.0154335	0.7496608	15.824581	0.939217	28.655745	11.384314	1.0007399	1.0401917	8.663495	-14.431658	-294.5092	393.8546	383.10403	0.026034066	0.01017927	-0.0006906831	0.16501862	1.1802095	-58.756874	3.5413845	34.52536	-1.0007403	0.30363536	339.9152	4082.005892276764
13	2394.649	58.517296	2543.3284	2253.126	2421888.8	47409.305	2504717.2	2337121.0	7.3518376	1.2382823	10.335137	4.6041613	4.3476214	0.7385507	5.5277863	3.5460668	287.0	287.0	0.0	0.0	24236.727	0.05770649181547619	390001.0	456.66797	19.17703	557.17523	294.55136	456.66055	19.48701	547.52893	296.40164	3.7752216	0.12518081	6.067175	3.4109442	1.315765	0.15825658	1.8959761	0.6644787	15.583722	0.90394986	37.808838	13.119503	1.0003698	1.0334142	7.6663938	-12.085552	-278.52374	379.53943	378.391	0.025767941	0.010485432	-0.00034011173	0.2307941	1.261237	-61.932426	3.6241698	37.503433	-1.0003698	0.27682257	340.7603	4422.757441282272
14	2389.3762	47.28065	2510.344	2299.4868	2478617.8	23173.57	2521634.2	2440839.5	7.2938905	1.0747157	9.941974	4.286645	4.7378106	0.73687243	6.1977344	3.9497385	287.0	287.0	0.0	0.0	24998.197	0.05555154947916666	420001.0	448.41794	20.307938	543.50397	277.1679	448.41003	20.128105	540.3163	279.87793	3.749304	0.12070145	5.4887996	3.4282367	1.3332561	0.16453373	2.330508	0.6633595	15.405102	0.86238253	31.25727	13.226256	1.0000807	1.0295297	3.861497	-11.583448	-257.0124	359.65607	370.97845	0.025438411	0.010242866	7.962292e-05	0.27556938	1.3176839	-66.116425	3.7005923	40.4804	-1.0000807	0.28246593	337.89868	4760.6432456970215
15	2360.5974	62.106346	2494.3228	2111.059	2480834.8	32559.055	2509174.8	2390232.2	6.964887	1.1522241	9.329579	3.9644592	5.3208523	0.3812791	6.091794	4.6442227	287.0	287.0	0.0	0.0	25725.797	0.05359541015625	450001.0	436.56848	20.703497	553.5955	268.01242	436.5718	20.86958	543.6541	250.32236	3.7318401	0.12095635	5.4667306	3.3531392	1.2901721	0.1571535	2.0296035	0.7110515	15.231431	0.86215913	30.92912	12.617779	0.99954855	1.0354259	4.1985435	-11.088989	-232.65613	356.36478	350.75128	0.024951607	0.010184131	0.00077703386	0.2680464	1.3084186	-69.62659	3.771582	43.45724	-0.99954855	0.30276752	342.23907	5102.894234657288
16	2318.8809	61.23586	2458.571	2144.598	2420132.5	21519.22	2448094.0	2383393.2	6.337609	0.89576244	8.621753	3.8771253	4.256603	0.45483992	5.1710715	3.510773	287.0	287.0	0.0	0.0	26387.734	0.051740655637254905	480001.0	428.94046	20.376198	572.929	244.00322	428.9502	20.54833	518.7771	245.2044	3.6879175	0.11385261	5.710983	3.2995627	1.2407335	0.15547621	1.8422343	0.6696447	14.854439	0.8141512	33.654564	11.893264	0.99996	1.045276	6.683834	-12.533476	-214.2205	348.02344	339.59814	0.024312416	0.0100807	0.00023263355	0.2511375	1.2861631	-71.553085	3.8378575	46.433853	-0.99995947	0.28820968	338.7747	5441.667800664902
17	2276.122	56.05013	2380.2107	2055.5798	2423036.0	24436.248	2461232.5	2390648.8	6.190878	1.0816264	9.2308235	3.6506007	4.5491323	0.45936534	5.3561735	3.8314376	287.0	287.0	0.0	0.0	27035.27	0.05006531394675926	510001.0	432.13153	21.662865	563.16516	230.75198	432.13217	21.533674	537.34296	231.18748	3.6353438	0.1052819	5.135822	3.1777587	1.1532991	0.14551793	2.1751423	0.57317746	14.3801155	0.7612895	27.288773	11.343466	1.0008602	1.0509472	6.4000754	-12.393162	-208.0442	355.41367	355.73312	0.02392407	0.010396539	-0.00091376767	0.2662689	1.3069284	-71.97614	3.8999975	49.40979	-1.0008602	0.29415536	338.90533	5780.561244249344
18	2308.4194	81.51192	2477.427	1791.0728	2674744.5	24383.615	2714062.2	2641745.2	6.223188	1.1030331	9.13278	3.684414	8.996672	0.59145516	10.144246	8.13293	287.0	287.0	0.0	0.0	27688.078	0.048575575657894735	540001.0	423.60864	20.172913	548.72534	223.01668	423.60223	20.562065	517.5605	221.01308	3.5934122	0.09801472	4.994914	3.3449876	1.160144	0.14721861	1.937743	0.64058065	14.082345	0.69884384	25.928476	12.143247	1.0005612	1.0439456	5.9198837	-11.517879	-188.09721	339.39117	335.47275	0.023705712	0.010407441	-0.0005499447	0.32928002	1.3926681	-74.35058	3.9585679	52.38933	-1.0005616	0.30988526	339.62924	6120.2010242938995
19	2319.5457	59.565887	2507.6199	2149.9429	2330567.0	39398.418	2405597.2	2275039.5	5.729071	1.1767232	9.621831	3.0470629	3.8317742	0.35503012	4.492502	3.3187191	287.0	287.0	0.0	0.0	28284.041	0.047140068359375	570001.0	412.79825	19.317062	576.6566	253.08281	412.78622	18.997778	525.48376	222.57181	3.6000986	0.10853972	4.9593015	3.2523327	1.1936637	0.14885227	1.7998227	0.6483717	14.166155	0.7440622	25.7225	12.012996	0.99993485	1.0070617	5.6214323	-13.264617	-163.03513	306.4926	321.1535	0.023332814	0.009938667	0.00028827455	0.34197676	1.4085289	-79.72939	4.013911	55.369663	-0.9999346	0.33585596	337.73035	6457.945930480957
20	2320.9385	61.11223	2478.0498	2174.7305	2470705.5	38430.754	2506910.2	2363345.8	5.738726	1.0236763	8.591123	3.7032754	4.511788	0.6128185	5.5105057	3.294086	287.0	287.0	0.0	0.0	28883.39	0.04584665178571429	600001.0	408.11166	19.061325	534.3123	232.06915	408.10803	18.229658	506.6435	245.56346	3.5820339	0.106527805	5.1298895	3.3236203	1.1884654	0.15118226	1.5758119	0.69284344	14.030764	0.7255027	27.259287	12.446568	0.9997471	0.985434	5.376511	-11.6943035	-146.33405	300.89914	321.09024	0.023046887	0.009840598	0.00051256904	0.32855788	1.3895696	-82.86531	4.0663137	58.347824	-0.9997475	0.29020977	339.09192	6797.027369260788
21	2291.9624	84.306595	2437.9556	1820.3804	2412189.5	33543.637	2463717.8	2353678.5	5.257916	1.1154833	9.33125	2.4628563	3.9064636	0.50397974	4.7813478	3.1972191	287.0	287.0	0.0	0.0	29433.299	0.04459590731534091	630001.0	406.15796	18.905283	534.83746	224.51053	406.15732	18.175362	505.65433	223.12198	3.5465364	0.107326284	5.0254736	3.1976006	1.1720935	0.14571992	1.48029	0.6520869	13.761539	0.72411335	26.314936	11.53607	0.99993855	0.98863137	7.070529	-11.393182	-133.76613	300.2858	317.28418	0.022511214	0.009616379	0.00025496868	0.30859333	1.3625379	-84.57543	4.116071	61.32388	-0.9999381	0.29186845	338.63458	7135.660259485245
22	2296.2253	73.08355	2460.428	2070.1992	2440270.5	37064.49	2499185.8	2379271.5	5.239873	1.2872336	8.742763	2.1825345	4.317545	0.3338056	4.9735665	3.863593	287.0	287.0	0.0	0.0	29980.152	0.04344949615036232	660001.0	401.9138	19.846937	504.79053	210.55148	401.91278	19.08953	519.4125	240.32501	3.54279	0.109582305	4.8998327	3.2141047	1.172085	0.14588833	1.542444	0.71392417	13.735444	0.75172716	24.968525	11.5533495	1.0005493	1.0000926	9.171297	-11.642586	-116.61647	294.4498	314.7786	0.022436459	0.009553615	-0.0005808877	0.33488855	1.3991758	-88.494064	4.1635027	64.302055	-1.0005486	0.28681183	337.32047	7472.97136592865
23	2282.5945	63.30503	2444.8997	2124.4636	2364102.8	40894.094	2453927.0	2303596.2	4.7042365	1.2076335	8.134405	1.3243668	4.2868395	0.23981117	4.6235294	3.8153858	287.0	287.0	0.0	0.0	30472.018	0.04232224663628472	690001.0	395.5303	18.602488	521.8988	206.80205	395.53018	18.315998	520.9402	203.8985	3.5270743	0.10749451	5.082263	3.249179	1.1554629	0.1456735	1.6867797	0.64568776	13.607271	0.7075834	26.715895	11.833051	0.99986595	0.98119503	9.70266	-12.763679	-98.68521	290.4502	297.66806	0.022125242	0.0093142735	0.00035726783	0.40861523	1.5057822	-91.17333	4.208751	67.277954	-0.9998665	0.2733631	337.2783	7810.271059513092
24	2261.5862	69.529205	2403.5603	2064.494	2094835.0	30991.682	2139383.0	2043484.5	4.526662	1.0315284	6.885498	1.8528986	1.4824572	0.23674259	2.0894432	1.1761861	287.0	287.0	0.0	0.0	30943.955	0.04125860677083333	720001.0	396.03687	18.234226	502.2357	198.94128	396.0341	17.557182	506.6613	206.32664	3.5018177	0.10947497	5.172508	3.2428174	1.1547596	0.14384748	1.5696892	0.7135824	13.429474	0.71248	27.904661	11.831808	1.0000657	0.9682343	4.3241754	-13.617723	-87.982956	286.43356	304.44595	0.02184006	0.009157202	6.522451e-05	0.36826763	1.4458926	-93.39322	4.252034	70.25342	-1.0000663	0.29128575	338.9077	8149.15145611763
25	2261.9146	61.605614	2393.852	2077.3584	2344478.0	33239.605	2410456.5	2301842.2	4.461515	1.1313139	7.7379646	1.8136287	3.562676	0.8980729	5.0563955	2.3228579	287.0	287.0	0.0	0.0	31412.322	0.040272208032852565	750001.0	390.44727	18.103115	496.17627	182.22813	390.4543	17.236425	504.8424	240.54062	3.481501	0.10620562	4.859517	3.2455437	1.1371756	0.1468818	1.7889407	0.6547043	13.269324	0.6859934	24.57643	11.856241	1.0001742	0.9709424	3.1265101	-12.914591	-71.416565	277.2297	293.36087	0.02166088	0.009094323	-9.570521e-05	0.38463685	1.4705222	-95.43998	4.293521	73.22888	-1.0001744	0.31222606	333.8258	8482.987371444702
26	2240.5483	66.4966	2357.702	2034.1917	2395645.5	33765.586	2438329.8	2336589.2	4.2479773	1.0222342	7.430201	2.421544	3.6243908	0.6500572	4.766843	2.1610732	287.0	287.0	0.0	0.0	31855.824	0.03932817804783951	780001.0	387.64264	18.34326	484.616	197.52562	387.6387	17.815882	483.76385	221.96355	3.4673483	0.10425973	4.838087	3.2172294	1.1261089	0.1419623	1.5967109	0.6451167	13.159481	0.6715722	24.440863	11.643842	0.99990314	0.95850813	3.047183	-12.681575	-57.197975	279.8621	291.03275	0.021436531	0.009082938	0.00029333992	0.3834933	1.4683893	-97.955124	4.3333554	76.20435	-0.9999033	0.2932768	338.66553	8821.671404361725
27	2232.247	63.27943	2433.3647	2084.008	2290769.2	30235.752	2341815.0	2250538.0	4.1891384	0.9927228	7.0699944	2.2117493	3.246572	0.5995692	4.255156	2.4354446	287.0	287.0	0.0	0.0	32294.512	0.03844584728422619	810001.0	380.62903	17.218401	488.7447	190.12299	380.63513	16.696882	500.31607	211.84436	3.4649773	0.10465093	4.972164	3.2500746	1.1158954	0.13954228	1.6462538	0.61938524	13.132924	0.67334896	25.774115	11.828658	0.9998299	0.95844465	3.0268764	-12.717554	-37.83842	267.96878	281.23752	0.021442961	0.009096661	0.00038214264	0.36285818	1.4387102	-101.36282	4.3716626	79.1798	-0.99983007	0.32221866	337.82477	9159.484291315079
28	2219.9858	65.19135	2378.1587	2021.758	2342943.5	48676.785	2403952.0	2247802.5	3.7979593	0.9209412	5.81422	1.9140105	2.5653937	0.44610018	3.2777746	1.8466088	287.0	287.0	0.0	0.0	32691.188	0.037576077586206895	840001.0	378.22006	16.385624	462.36542	286.36526	378.2331	16.194382	486.7705	212.6651	3.4494538	0.102281176	4.7353616	3.1995573	1.1003225	0.13649565	1.5874891	0.68529594	13.009525	0.65712386	23.321474	11.50413	1.0000471	0.95604616	3.2480576	-12.541508	-24.418684	264.5273	267.1179	0.021286737	0.00909254	5.205819e-05	0.3921897	1.4816939	-103.42845	4.4085565	82.15527	-1.0000474	0.2872064	337.97604	9497.46708536148
29	2233.5361	65.52417	2390.468	2077.187	2186463.0	45378.3	2270797.5	2111331.8	3.9567113	0.9687642	6.2520313	1.9043016	2.0396132	0.31494135	2.5319345	1.5617695	287.0	287.0	0.0	0.0	33104.03	0.036782256944444446	870001.0	381.87906	17.767786	478.48087	290.8789	381.88684	17.791466	496.3131	236.95407	3.4527647	0.10014227	4.817976	3.2360349	1.0966792	0.13584398	1.4481854	0.68980694	13.02829	0.64200413	24.134455	11.728458	1.0003643	0.96884006	3.5957036	-14.140401	-15.18396	270.26297	268.96182	0.020918166	0.009038863	-0.00043323849	0.43397486	1.5445493	-107.44331	4.444137	85.13073	-1.0003641	0.2872455	336.21164	9833.671742916107
30	2183.474	73.48845	2348.4656	2004.4141	2263164.0	50683.402	2322110.8	2178754.2	3.303586	0.879344	5.604867	1.688155	2.4913483	0.49125376	3.2433987	1.9026675	287.0	287.0	0.0	0.0	33449.734	0.0359674563172043	900001.0	378.18488	16.546717	483.74396	273.19885	378.18323	16.705818	484.12006	214.99033	3.416846	0.10288612	4.777972	3.2049298	1.0825968	0.1359652	1.4703895	0.7105717	12.768025	0.64824736	23.713509	11.478049	0.99991876	0.9695031	2.940292	-12.731771	-2.3916209	266.10086	264.1497	0.020699967	0.008843073	0.0002740171	0.42631626	1.5329998	-107.45684	4.478495	88.1062	-0.99991864	0.29842734	339.11105	10172.789625883102
31	2193.6946	66.67975	2363.925	1976.8215	2326326.0	27324.37	2372220.8	2287239.5	3.2436523	0.83506924	5.6783395	1.4089009	3.206707	0.3019971	3.6198428	2.5743852	287.0	287.0	0.0	0.0	33788.605	0.035196464029947916	930001.0	377.57446	18.03465	470.43475	228.33669	377.57593	17.519777	477.695	225.11487	3.4138515	0.1022184	4.7334	3.1426485	1.0707685	0.13576497	1.40865	0.65809155	12.73561	0.6460925	23.453344	11.156877	0.9998055	0.96464765	3.0848508	-13.779143	10.15637	256.7644	271.66724	0.020606678	0.008838186	0.00043941557	0.41721067	1.5188667	-110.45662	4.511712	91.081665	-0.9998054	0.2918036	336.99893	10509.777732849121
32	2199.5513	56.821613	2324.8906	2059.8704	2241583.5	52118.94	2333112.2	2171601.2	3.4341002	0.7966963	5.422297	1.7199175	2.723531	0.4871746	3.4101205	1.7122562	287.0	287.0	0.0	0.0	34147.113	0.03449203361742424	960001.0	370.9936	18.193895	457.11526	218.77852	370.99634	18.306936	456.85776	267.39383	3.4142509	0.09846232	4.7396884	3.195144	1.067454	0.1367701	1.3133814	0.61635643	12.734255	0.6239136	23.429737	11.407462	1.0005068	0.98725945	3.7181687	-12.169737	29.161367	260.978	255.4921	0.020533426	0.008836872	-0.00065446727	0.45561913	1.5784354	-114.130615	4.543861	94.05712	-1.0005069	0.27850986	335.0698	10844.852333784103
33	2172.5154	58.70925	2299.3916	2014.455	2249658.5	37072.23	2324905.2	2194667.8	3.169964	0.7810585	5.0150685	1.309296	2.3977954	0.36232212	3.1161036	1.7883009	287.0	287.0	0.0	0.0	34478.414	0.03380236672794118	990001.0	372.4456	18.090925	467.94067	305.30515	372.44366	18.09081	477.61432	259.72528	3.4045076	0.097688824	4.704155	3.195509	1.0555397	0.13683154	1.3427132	0.6532546	12.655753	0.6153427	22.932297	11.41544	0.99982715	0.99765694	3.2149348	-12.013631	38.916817	259.3191	262.48743	0.02052695	0.008858697	0.00042968127	0.45170566	1.5726973	-116.32797	4.575008	97.03259	-0.9998276	0.28249884	335.41974	11180.273454666138
34	2145.1824	65.52005	2306.7388	1975.2299	2193559.5	32137.926	2248427.0	2144561.8	2.985419	0.76755095	5.251646	1.5261856	2.5568614	0.4397856	3.2816107	2.0004718	287.0	287.0	0.0	0.0	34790.926	0.0331342150297619	1020001.0	360.90033	17.77312	454.6347	277.42126	360.89957	17.89211	449.82675	281.66016	3.37365	0.09964012	4.741307	3.158748	1.055555	0.13388492	1.3751745	0.6576584	12.446987	0.61213154	23.242447	11.199617	1.0003825	0.98606277	3.2753496	-11.961138	59.933258	247.51035	243.74979	0.02014277	0.0086236	-0.0004538747	0.46926677	1.6010253	-116.81582	4.605214	100.00806	-1.0003828	0.3161826	334.24158	11514.516648292542
35	2144.2517	55.800247	2274.9363	2027.1154	2287385.8	59065.367	2390891.0	2209751.2	2.8126385	0.71820647	4.600033	0.8310881	2.501877	0.2791354	2.8870854	1.951584	287.0	287.0	0.0	0.0	35084.625	0.03248576388888889	1050001.0	368.21463	18.449667	461.97733	247.75797	368.2137	18.345877	455.91818	284.92816	3.3753054	0.09025725	4.585584	3.1470425	1.0460887	0.13464908	1.3864192	0.66194797	12.446893	0.5459229	21.977623	11.143517	0.9993765	0.969779	3.20159	-11.491227	65.07342	253.3133	255.6731	0.02011975	0.008641994	0.0011071066	0.4261274	1.533607	-120.46507	4.634534	102.98351	-0.99937695	0.2906046	336.7682	11851.280092477798
36	2126.4688	83.58556	2288.4568	1813.7036	2215986.5	31713.838	2273298.8	2170417.8	2.8286216	0.86084336	5.133376	0.778246	2.0672672	0.4109235	2.6749184	1.2795538	287.0	287.0	0.0	0.0	35380.727	0.03187452843468468	1080001.0	367.36813	17.821278	465.74603	238.27689	367.3707	17.399364	487.59308	275.19946	3.3605437	0.08783255	4.693816	3.1283324	1.0442607	0.13315938	1.341681	0.6681105	12.345228	0.5251429	22.908411	10.899424	1.000473	0.9686978	3.4191546	-11.89085	77.01924	243.1226	256.6934	0.019772714	0.008382599	-0.00060991594	0.38315108	1.4701781	-122.59532	4.663019	105.958984	-1.0004734	0.2882161	337.3712	12188.664897203445
37	2136.704	55.475613	2272.7358	1987.6254	2174061.8	35625.715	2233186.5	2130041.5	2.6198804	0.7993117	4.742201	1.0660195	1.8906457	0.37875998	2.4900405	1.4996945	287.0	287.0	0.0	0.0	35653.863	0.03127531866776316	1110001.0	356.76312	16.752926	479.5172	222.7027	356.76227	16.09094	470.04938	248.55602	3.3476963	0.08786669	4.6969113	3.1390848	1.0532088	0.13392931	1.3317761	0.6649702	12.268017	0.49459785	22.997673	11.089612	0.9995993	0.96280676	2.7338476	-11.303523	99.31098	228.13902	244.8872	0.019820783	0.008395848	0.0007628608	0.4616472	1.5881283	-125.25362	4.6907153	108.93445	-0.99959964	0.2712102	335.70428	12524.347014904022
38	2143.4402	61.53871	2313.3708	1985.9159	2035076.4	27081.426	2082899.4	1990429.8	2.7248936	0.8291095	5.3512635	1.0070279	0.8865212	0.29407296	1.3121938	0.30295795	287.0	287.0	0.0	0.0	35938.875	0.03071698717948718	1140001.0	358.8991	16.92118	480.84647	235.96011	358.8967	16.484901	443.20493	239.57664	3.367246	0.077864744	4.712936	3.1564355	1.0544378	0.13557483	1.3607588	0.62107253	12.398844	0.4357943	23.018219	11.175293	1.000073	0.9715452	4.2902446	-12.582737	111.90906	236.61665	247.2929	0.02006149	0.008628848	8.341846e-05	0.4144218	1.5180147	-131.24889	4.7176647	111.90992	-1.0000728	0.30295324	334.21515	12858.576747894287
39	2126.6704	62.076984	2272.573	1997.4819	2156241.5	50947.766	2257449.2	2068136.8	2.467119	0.66560775	4.6043653	1.1833776	1.6980206	0.34542525	2.3540606	1.0655322	287.0	287.0	0.0	0.0	36198.555	0.030165462239583333	1170001.0	361.3848	17.014175	451.1293	228.65446	361.3825	16.484259	450.65427	231.19957	3.3523116	0.07755602	4.724589	3.1422393	1.0414728	0.13505092	1.3682127	0.63271326	12.285488	0.42747688	23.169525	11.084874	0.99996257	0.95657134	3.1235178	-11.3844185	119.69268	239.21	252.36308	0.01992867	0.008557343	0.00020959937	0.42353716	1.5294086	-132.56027	4.743907	114.885376	-0.9999632	0.29488945	493.61337	13352.194458723068
40	2131.8699	57.59068	2274.8896	2020.8607	2191221.5	49355.08	2267390.0	2120075.5	2.693123	0.7059432	5.0331154	1.3429779	2.0791996	0.3810052	2.9045682	1.6112162	287.0	287.0	0.0	0.0	36478.6	0.029657399644308944	1200001.0	359.91232	17.503923	447.38458	231.34677	359.91214	17.145449	461.75214	241.34387	3.3471725	0.07516129	4.5932956	3.1077397	1.0371192	0.13479207	1.355923	0.62265944	12.246327	0.40685	21.864817	10.851468	0.99992174	0.9607288	3.032515	-13.888435	132.73543	239.04709	248.53563	0.019701155	0.008543092	0.00030704652	0.43540436	1.5493705	-135.31699	4.7694783	117.86084	-0.99992216	0.30328584	335.2656	13687.446362733841
41	2122.7236	63.74931	2281.9316	1932.0792	2107741.8	35380.77	2156455.0	2025649.4	2.6769104	0.7873155	5.3257976	0.94345313	1.3283637	0.25205764	1.7564627	0.97537637	287.0	287.0	0.0	0.0	36758.945	0.029173766121031747	1230001.0	371.33377	17.453682	458.87604	261.2176	371.34225	17.21076	447.3507	271.5643	3.357644	0.071046285	4.786816	3.14427	1.0100486	0.1310839	1.2990663	0.586142	12.288868	0.38988733	23.691942	11.029721	1.0000949	0.96528983	3.195004	-11.554793	133.52623	253.54892	255.98688	0.019468913	0.0086480975	2.787129e-05	0.3591693	1.4335269	-138.83131	4.7944117	120.8363	-1.0000954	0.3257718	336.5607	14024.011134624481
42	2096.342	63.533875	2252.5737	1941.4342	1915225.6	45255.582	1991469.0	1858717.5	2.3321621	0.71235794	5.00744	0.9297423	1.1473844	0.27819836	1.5280404	0.58767784	287.0	287.0	0.0	0.0	37001.51	0.02868334241763566	1260001.0	364.58032	17.111828	482.3433	249.00935	364.57477	17.26186	481.68924	274.96988	3.3238847	0.07548014	4.8839717	3.1302538	1.0146905	0.13028966	1.3068287	0.5590222	12.068597	0.40362576	24.693357	10.917061	1.0002682	0.9637351	3.3772006	-12.978459	148.87881	248.90437	244.34563	0.019220125	0.008377525	-0.00023876056	0.41388324	1.5147628	-138.2685	4.8187385	123.81177	-1.0002681	0.27823734	335.3605	14359.381029367447
