Epoch	AverageEpRet	StdEpRet	MaxEpRet	MinEpRet	AverageTestEpRet	StdTestEpRet	MaxTestEpRet	MinTestEpRet	AverageEpCost	StdEpCost	MaxEpCost	MinEpCost	AverageTestEpCost	StdTestEpCost	MaxTestEpCost	MinTestEpCost	EpLen	TestEpLen	EpGoals	TestEpGoals	CumulativeCost	CostRate	TotalEnvInteracts	AverageQR1Vals	StdQR1Vals	MaxQR1Vals	MinQR1Vals	AverageQR2Vals	StdQR2Vals	MaxQR2Vals	MinQR2Vals	AverageQCVals	StdQCVals	MaxQCVals	MinQCVals	AverageLogPi	StdLogPi	MaxLogPi	MinLogPi	LossPi	LossQR1	LossQR2	LossQC	LossAlpha	LogAlpha	Alpha	LossBeta	LogBeta	Beta	PiEntropy	TestTime	EpochTime	TotalTime
1	2230.3462	369.72668	2990.3264	1054.8824	2541185.0	383989.06	3205648.8	2097658.0	48.390427	11.4347	78.49738	21.456572	44.89001	9.322684	55.465984	28.308128	288.0	288.0	0.0	0.0	5042.7114	0.0840451904296875	30001.0	315.49948	158.5697	736.3915	-9.292677	315.51758	158.53352	736.20215	-8.011638	9.0710335	3.176878	15.994992	0.4384607	1.1409975	1.8072423	22.612839	-12.152247	-302.0333	49.093735	49.281734	0.07408638	-0.097846866	-0.25570193	0.77781004	-5.2819304	0.07842509	1.2180102	-1.1409976	0.32457948	231.19499	231.48714971542358
2	2248.5547	333.37848	3082.9631	1905.3582	2160833.0	69940.95	2236776.5	2015994.6	44.506466	8.065342	57.648052	24.904947	47.478966	2.1971653	53.367977	45.17926	288.0	288.0	0.0	0.0	9668.365	0.10742628038194445	60001.0	594.33575	60.126583	885.7484	428.08704	594.33624	60.120735	887.07605	429.77972	14.1591015	1.4414555	17.891447	5.5872235	0.99958724	1.1872859	5.5269074	-12.731112	-538.2197	62.58672	62.415733	0.050851014	0.0005821669	-0.16772272	0.8461211	-31.767609	1.3219272	3.8478603	-0.9995864	0.3381722	232.53027	464.04464983940125
3	2308.5938	358.65027	3015.773	1904.8363	2306171.5	354138.34	3078701.0	2066499.2	36.19532	7.6525636	51.12129	17.158699	29.728058	2.5010977	33.14763	24.862856	288.0	288.0	0.0	0.0	13440.768	0.112006396484375	90001.0	655.5772	55.489	922.3078	544.7379	655.57935	55.46316	919.21906	544.6992	14.148253	1.3308882	17.482037	7.3082676	1.0010087	1.1110529	5.382443	-13.3736725	-558.27295	70.266106	70.139984	0.03318482	-0.0007231919	-0.12343698	0.8845918	-54.94659	1.9122144	6.8226886	-1.0010083	0.32205343	232.6743	696.7186262607574
4	2213.1157	363.20636	2969.179	1828.2107	2354395.0	373295.97	2988825.5	1991956.8	28.510479	4.2676563	38.015945	19.833334	38.274693	3.3976142	41.221107	32.680187	288.0	288.0	0.0	0.0	16409.623	0.10939748697916667	120001.0	652.5673	57.804337	918.4284	538.4033	652.5699	57.77214	915.9671	541.4707	11.633696	1.1325358	14.710091	6.3968363	1.0000032	1.0736318	12.97867	-11.334554	-538.2128	77.71901	77.60542	0.017260095	0.00017882456	-0.047513746	0.954026	-54.07865	2.2769194	9.783979	-1.0000031	8.451658	240.70276	937.4308097362518
5	2116.22	315.06042	2970.4634	1810.2246	2146507.8	145524.17	2545206.5	2013942.1	24.31623	3.315466	32.27099	16.367235	29.855	2.0873485	32.180943	24.539618	288.0	288.0	0.0	0.0	18934.701	0.10519278428819444	150001.0	636.1998	57.544697	905.20624	521.8308	636.20166	57.522465	903.5848	523.1108	9.559397	0.8222771	11.927808	5.4529576	1.0004871	1.0479567	11.500904	-11.294472	-513.82526	78.86891	78.7523	0.011340148	-0.00032820625	-0.006314017	0.9942133	-44.280502	2.5422776	12.737125	-1.0004878	0.30642653	257.84735	1195.2857537269592
6	2124.1648	340.9409	2966.4436	1759.212	2262916.8	359396.5	2963119.8	1891002.8	20.375204	2.7207448	26.701048	12.787243	12.747411	1.4901526	14.905529	10.2271595	288.0	288.0	0.0	0.0	21059.305	0.10028240327380952	180001.0	614.93695	56.453423	888.25336	502.2795	614.9382	56.433064	885.0201	503.2619	8.116972	0.6189115	9.944646	5.0246797	1.0003844	1.0348955	4.4743524	-13.367468	-486.93945	78.0032	77.88922	0.008268931	-0.0002714979	0.059511036	1.0617853	-32.074066	2.7511415	15.683456	-1.0003836	18.963516	281.9655	1477.255056142807
7	2151.712	377.65887	2896.0298	1712.4646	2213239.0	403944.72	3034917.2	1944239.6	17.33532	2.4860938	24.56217	10.581094	14.375424	1.8298817	16.604881	11.541163	288.0	288.0	0.0	0.0	22862.844	0.09526184895833334	210001.0	595.531	56.5672	871.6648	480.48102	595.533	56.550762	866.3102	488.43152	6.9042106	0.49717698	8.53152	4.4152374	1.0001801	1.025616	4.08589	-13.381643	-466.4758	78.19111	78.078384	0.006157495	-6.778164e-05	0.12676114	1.135507	-15.576061	2.9216084	18.589556	-1.0001802	0.30903482	245.65405	1722.9110765457153
8	2098.4922	376.1448	2920.2515	1653.1227	1969102.0	87638.85	2081363.6	1772094.8	15.44011	1.9918102	20.585094	10.492008	12.4119425	1.1317155	13.807838	10.16525	288.0	288.0	0.0	0.0	24472.092	0.09063737702546296	240001.0	580.77655	56.779686	856.9366	474.59897	580.77734	56.76952	855.1298	475.49127	6.078475	0.3605985	7.8213525	4.2132416	1.0000843	1.023183	4.315119	-14.6554	-454.93207	78.26072	78.12466	0.005151734	3.876358e-05	0.1614699	1.1754785	-0.5686225	3.0226479	20.55013	-1.0000845	0.315619	259.39496	1982.3131382465363
9	2128.924	380.79172	2949.7422	1701.8878	2402148.2	358594.94	3074678.8	2011993.8	16.887234	2.2519522	22.824808	10.927402	15.076569	2.0465956	19.261847	12.585044	288.0	288.0	0.0	0.0	26234.72	0.08744906901041667	270001.0	581.7835	56.955635	863.72253	471.28958	581.7846	56.942425	865.6014	476.41367	5.9879165	0.3171067	7.616561	4.1467967	1.0001342	1.0292336	4.546386	-11.446006	-469.5207	78.65365	78.58808	0.00516882	-1.9513162e-05	0.1309657	1.1402141	1.0147831	2.9218354	18.581678	-1.0001342	15.861316	274.94867	2257.2632687091827
10	2084.4285	357.95218	2922.963	1757.4465	2248996.0	332517.88	2921772.5	1951515.2	16.561821	2.1003587	20.943901	11.185753	16.091467	0.99728733	17.671898	14.778744	288.0	288.0	0.0	0.0	27960.785	0.08472965198863637	300001.0	585.26636	57.161964	871.25793	478.77875	585.2678	57.15378	868.7866	479.01837	6.04134	0.30873176	7.7366066	4.287674	0.99985653	1.029624	4.3702726	-12.156784	-469.1065	79.23122	79.17545	0.0051690117	0.00029742	0.1316653	1.1410638	-0.06212393	2.9471443	19.054874	-0.99985677	0.31827855	245.11623	2502.3745670318604
11	2079.9849	324.32758	2908.7815	1751.7383	2095074.6	196105.56	2609838.5	1933634.2	16.790112	2.2529726	22.760992	11.585568	18.356747	1.673625	19.960403	14.083152	288.0	288.0	0.0	0.0	29705.025	0.08251395941840278	330001.0	585.0181	57.08375	870.1531	482.74612	585.01825	57.081497	870.9816	483.34937	6.039232	0.30160746	7.670582	4.2790513	1.000089	1.0294075	7.0132284	-13.660466	-467.9743	78.717285	78.70688	0.0051655388	1.2613734e-05	0.13276765	1.1422524	-0.09242648	2.9548917	19.20137	-1.0000888	0.3206408	259.14835	2761.536993265152
12	2096.5183	353.09006	2912.0425	1713.6462	2177010.2	416197.0	3000632.2	1812274.9	16.02332	2.1517265	21.140759	10.992793	17.356956	1.5355844	20.291681	15.355548	288.0	288.0	0.0	0.0	31375.18	0.08044917868589743	360001.0	585.4134	57.718815	870.6637	477.3614	585.414	57.71204	869.9099	482.46152	6.0323825	0.3045595	7.399205	4.3126383	0.9999546	1.0336237	4.511016	-14.342245	-470.8979	78.81784	78.822044	0.005223239	0.00017574415	0.1313269	1.1405517	-0.022008765	2.933675	18.798029	-0.99995404	16.973011	275.9688	3037.49325966835
13	2081.6877	356.8542	2932.025	1723.5889	2355109.5	390112.7	3010651.8	1962710.1	16.386395	2.394468	22.294474	9.157768	14.543379	2.0642865	17.606369	11.152899	288.0	288.0	0.0	0.0	33080.81	0.07876382998511905	390001.0	586.6306	58.24998	873.44037	485.33127	586.6306	58.244316	876.0976	485.99655	6.0290704	0.30829003	7.4695377	4.268313	1.0001118	1.034454	4.8551536	-12.901273	-472.44986	79.219215	79.251305	0.0052953064	-9.821955e-06	0.122105494	1.130211	-0.009841587	2.9310102	18.747908	-1.0001119	0.33992553	245.35641	3282.8537735939026
14	2119.3816	358.71307	2959.1995	1696.536	2268047.8	380290.75	3007001.5	1899232.4	16.098967	2.3354797	22.836678	9.702246	14.800128	1.3751177	16.904768	11.756835	288.0	288.0	0.0	0.0	34759.12	0.07724249131944444	420001.0	587.9078	59.26417	878.87384	481.59802	587.90796	59.257053	879.12134	484.2794	6.022033	0.3100909	7.4767404	4.2841673	1.0000869	1.0373253	4.1156683	-12.771271	-473.57614	80.613914	80.65056	0.005309175	1.9163695e-05	0.121332414	1.1293075	0.08502438	2.9332278	18.789354	-1.0000865	0.29768968	259.54333	3542.3991112709045
15	2059.0413	333.70352	2981.7534	1711.9814	2149719.5	365648.47	3124945.8	1856978.2	16.297125	2.169891	23.55134	10.807846	17.486975	2.419625	20.542189	11.550088	288.0	288.0	0.0	0.0	36456.203	0.07595042317708334	450001.0	586.0454	59.62558	878.49365	483.2689	586.04626	59.617535	877.0906	480.46173	6.0204253	0.30560762	7.401452	4.2864213	0.9999415	1.0378774	4.2320747	-12.327898	-471.05353	81.1012	81.0951	0.005268251	0.00019851814	0.13137022	1.1406757	0.08212086	2.9389372	18.896627	-0.9999417	12.145565	274.86383	3817.274069786072
16	2042.3087	306.71442	2931.768	1750.1553	2057262.8	334970.25	3032095.2	1830612.8	16.654259	2.3081965	21.609097	10.504183	12.343179	2.2491882	15.894204	9.106735	288.0	288.0	0.0	0.0	38193.78	0.07488976715686274	480001.0	585.3583	59.648613	879.8685	485.4482	585.3591	59.645885	879.08545	482.8289	6.0234513	0.3075413	7.2983212	4.198745	1.0000466	1.039992	3.9301918	-12.229191	-472.79993	80.97662	80.961136	0.005284498	7.341144e-05	0.11190659	1.1186439	-0.011696163	2.9166138	18.479816	-1.0000474	0.36179352	250.30951	4067.57271194458
17	2082.157	336.97968	2987.1907	1718.0269	2016101.4	86505.32	2202401.2	1886738.1	16.571135	1.9721547	21.53173	12.547746	11.381685	1.0526139	13.205796	9.787198	288.0	288.0	0.0	0.0	39917.695	0.07392165798611111	510001.0	585.11475	59.58523	876.4019	485.5074	585.1155	59.57722	878.2048	484.14557	6.0213537	0.31051984	7.5452228	4.262303	1.0000207	1.0424803	4.179518	-11.60952	-473.17303	80.67529	80.6984	0.0053429944	0.00010088933	0.09959812	1.1050403	0.0033481873	2.9112022	18.379004	-1.0000211	0.3106172	258.4513	4326.0236620903015
18	2165.2415	388.168	2938.812	1757.0177	2368364.8	434414.56	3087599.0	1818519.9	16.74152	2.1929436	23.643642	11.655838	16.97198	2.17819	21.176823	12.8069	288.0	288.0	0.0	0.0	41661.61	0.07309054276315789	540001.0	585.1047	60.37142	878.7653	482.9623	585.1052	60.365726	882.7562	482.3223	6.021765	0.30937186	7.598084	4.28195	1.0001727	1.0365435	3.7016876	-11.408655	-471.50815	81.91153	81.97179	0.0053083883	-6.729356e-05	0.10160029	1.1073105	-0.027264897	2.9256687	18.647253	-1.0001725	14.30247	271.18732	4597.217576980591
19	2087.8032	363.69278	2989.2441	1749.0234	2080663.2	266970.28	2828720.2	1852598.0	16.466148	2.2723095	21.935812	11.546917	17.309795	1.6017647	19.714705	14.516332	288.0	288.0	0.0	0.0	43375.594	0.07229265625	570001.0	584.88293	59.7369	879.4026	483.3003	584.88293	59.73106	881.9243	481.67944	6.021902	0.307918	7.3996377	4.2200117	1.0000231	1.0368918	3.9465613	-13.046427	-470.99774	81.31735	81.339195	0.0053013465	9.305449e-05	0.10406264	1.1099262	-0.041900404	2.9279513	18.690306	-1.000024	0.33427858	245.56602	4842.795323371887
20	2099.526	376.67206	2909.6377	1660.5183	2340148.0	394166.78	3107836.5	1908366.0	16.596592	2.1752431	21.997257	10.932062	13.235013	2.2028768	16.733505	9.590737	288.0	288.0	0.0	0.0	45104.32	0.07159415922619047	600001.0	584.0233	58.87995	872.4545	483.93942	584.02405	58.874577	874.009	481.132	6.0108924	0.29962957	7.455261	4.2797637	0.99994135	1.0357199	3.669549	-11.688303	-471.53152	79.83902	79.85301	0.005238606	0.00019279822	0.10013208	1.1055719	0.13799083	2.917077	18.489042	-0.99994063	0.30838346	262.5981	5105.388150691986
21	2127.1147	384.33826	2962.0798	1703.6713	2405024.5	481984.53	3108714.8	1899923.2	16.524874	2.0280228	21.541677	11.0552225	15.409984	1.4817165	17.333532	11.802019	288.0	288.0	0.0	0.0	46822.76	0.07094357836174242	630001.0	584.38104	58.94106	876.01154	484.27792	584.3814	58.93575	876.3811	482.7481	6.0218287	0.29987746	7.5092344	4.2827277	1.000251	1.0369081	4.4498906	-10.259054	-470.74017	80.39208	80.39495	0.0052617867	-0.00014944247	0.096832044	1.1019785	-0.08077119	2.925485	18.644732	-1.0002513	11.379963	271.84204	5377.238736152649
22	2130.2866	356.09058	2960.7134	1692.0865	2195215.2	278230.88	2908488.2	1878744.8	16.708065	2.2333095	21.64972	11.225784	18.281033	2.254379	23.032394	15.617646	288.0	288.0	0.0	0.0	48565.73	0.07038511662137681	660001.0	583.8003	58.931725	876.34674	483.59814	583.8012	58.92795	880.35315	478.21646	6.01982	0.30179986	7.4241796	4.2260647	1.0000305	1.0341694	5.953469	-11.738691	-470.73627	79.96563	79.93747	0.005238802	7.596236e-05	0.10344199	1.1092566	-0.06275616	2.9204526	18.55089	-1.0000309	0.30161214	249.99786	5627.2322335243225
23	2132.7693	389.40494	3000.9893	1718.1276	2360698.8	469422.16	3128900.0	1834546.5	16.320808	2.1490479	21.059267	10.688621	15.171135	1.9309988	18.129986	12.360688	288.0	288.0	0.0	0.0	50268.19	0.06981693250868055	690001.0	584.0855	59.0392	873.3575	483.55432	584.0861	59.032833	875.4509	481.88983	6.0108814	0.3033499	7.497366	4.244455	0.9998972	1.0364054	6.556919	-12.065664	-470.5372	80.05548	80.09301	0.0052759815	0.00022331304	0.104390725	1.110374	0.09833328	2.9259806	18.656488	-0.9998969	0.3260126	260.74646	5887.996591091156
24	2049.5166	318.8232	2927.2253	1696.6101	2221332.8	335730.66	3058652.5	1826146.9	16.865355	2.1434875	23.521938	11.132501	16.448177	2.1840777	19.29559	12.123174	288.0	288.0	0.0	0.0	52024.633	0.06936617708333333	720001.0	583.75336	58.973682	874.6037	482.98642	583.753	58.968155	875.3586	482.50146	6.0160494	0.3037874	7.382619	4.20619	1.0000569	1.0388017	4.434611	-12.68321	-470.9006	80.17181	80.2201	0.005304388	7.029007e-05	0.10188187	1.1075782	-0.016434386	2.918835	18.52143	-1.0000564	8.887545	269.24747	6157.218448877335
25	2149.7393	398.80566	2919.113	1744.0763	2338059.5	357192.3	3025007.8	1988473.1	16.237339	2.286782	23.151684	11.202353	14.261807	1.6955703	16.301392	11.17121	288.0	288.0	0.0	0.0	53716.906	0.06886782852564102	750001.0	582.8774	58.66826	869.5237	482.3993	582.87805	58.662716	872.1108	479.7701	6.0140996	0.2999215	7.3709555	4.2086635	1.0002316	1.0338258	4.934192	-12.062444	-469.10138	79.84995	79.920525	0.0052721538	-0.00013265044	0.103575855	1.1094768	0.014870231	2.9275413	18.682026	-1.0002313	0.29365087	251.6201	6408.844610214233
26	2087.3896	358.86917	2970.1768	1698.9078	2354267.5	454425.16	3092601.2	1914390.4	16.884325	2.0138147	21.69713	11.702812	17.5981	2.651794	21.9075	12.904312	288.0	288.0	0.0	0.0	55472.816	0.06848495852623457	780001.0	583.0256	58.239132	869.4943	482.48663	583.0257	58.23203	872.87775	479.3836	6.0161276	0.30080575	7.3340683	4.2537947	1.0000907	1.0383494	7.7791	-13.35033	-469.27756	79.49947	79.52247	0.0053253192	2.2670913e-05	0.10530707	1.1113658	-0.039373178	2.926639	18.666042	-1.0000912	0.2994871	259.50604	6668.355808496475
27	2109.396	373.36536	2973.6765	1675.5786	2128240.8	351271.1	3129930.2	1855384.6	16.246307	2.068167	21.146095	10.453665	15.385569	2.0240448	19.811682	12.257048	288.0	288.0	0.0	0.0	57168.49	0.06805772414434524	810001.0	582.60706	58.43662	869.5226	480.1745	582.60754	58.428482	872.4754	479.4044	6.0158243	0.304842	7.339553	4.1600456	1.0001428	1.0440673	5.986994	-13.315172	-469.73096	79.8958	79.93649	0.005384374	-3.8509115e-05	0.097065985	1.1022763	-0.043502506	2.9188666	18.521002	-1.0001429	9.113187	268.87674	6937.230422735214
28	2114.258	373.10522	2960.4695	1721.9305	2135600.8	391933.2	3050221.2	1882832.6	16.236128	2.1492364	21.049976	10.579762	15.2369175	1.045525	16.659796	13.380006	288.0	288.0	0.0	0.0	58858.297	0.06765321479885057	840001.0	582.7036	58.24818	866.9512	481.66946	582.70435	58.240746	872.17035	481.27435	6.0120063	0.3044057	7.4096785	4.1475387	0.99987155	1.0392857	5.4179544	-11.852917	-467.6984	78.93302	78.98107	0.005319639	0.00025893401	0.09942377	1.104811	0.02009344	2.938454	18.887983	-0.9998713	0.28892326	253.20477	7190.422210931778
29	2086.2397	332.47675	2890.6855	1705.6145	2298608.8	396528.4	2915997.0	1925415.1	16.819065	2.1315968	22.70698	12.482534	16.260174	1.5264126	18.78131	12.939691	288.0	288.0	0.0	0.0	60613.406	0.06734822916666666	870001.0	582.22266	58.56916	869.48016	482.1979	582.2232	58.563107	871.34576	479.9592	6.0149093	0.30772015	7.3795266	4.198857	0.9999807	1.0342989	5.576069	-13.921124	-466.61777	79.122795	79.18965	0.0053227604	0.00013620211	0.10073725	1.1063644	-0.04187119	2.9430523	18.97455	-0.9999807	0.31372547	261.72906	7452.160342931747
30	2130.261	387.94376	2932.1633	1749.651	2385699.5	422263.22	3114224.5	1928638.0	16.634897	2.221683	22.653275	12.090338	16.944626	2.6201427	19.691494	13.087504	288.0	288.0	0.0	0.0	62343.305	0.06703581149193548	900001.0	582.25354	58.635986	874.07733	481.9315	582.25354	58.62935	878.2717	480.11682	6.007007	0.3045929	7.9352465	4.22953	1.0002437	1.0401905	8.156097	-12.922088	-468.61563	79.3287	79.39511	0.0053386707	-0.00014661507	0.09110705	1.0956749	0.09739508	2.926926	18.671291	-1.0002435	3.5894692	265.06717	7717.220958471298
31	2132.1006	378.0755	2940.3855	1664.7672	2237299.8	324699.28	2907546.2	1910843.4	16.444857	2.3440437	21.70425	10.257888	17.006994	1.0738852	18.471987	14.920895	288.0	288.0	0.0	0.0	64058.87	0.06672799072265626	930001.0	582.0545	58.951942	873.4274	478.57907	582.0548	58.944675	873.10657	479.34808	6.014229	0.30333883	7.4778714	4.23145	0.9998906	1.0382247	9.267294	-13.813575	-469.15433	80.17303	80.235725	0.005358417	0.00022746048	0.094860256	1.099777	-0.045606785	2.9190178	18.523375	-0.99989086	0.32020855	255.80992	7973.03236246109
32	2054.7695	322.5057	2939.2688	1720.1143	2116843.0	298796.06	2942915.8	1876476.4	16.816582	2.2616215	23.331417	11.717816	15.889435	2.2590055	19.332079	12.239137	288.0	288.0	0.0	0.0	65808.766	0.06647350063131313	960001.0	581.3317	58.274113	867.67474	479.8432	581.33295	58.265606	870.7137	480.5352	6.013308	0.30204132	7.479059	4.229337	1.0002362	1.0341119	10.142288	-12.360046	-467.57074	79.26672	79.30484	0.0053164163	-0.00014038756	0.10315299	1.1089587	-0.033072285	2.9269028	18.669992	-1.0002362	0.3162086	260.42935	8233.451771497726
33	2095.6	374.09204	2949.1846	1716.014	2122146.2	310238.2	2979802.8	1839894.6	16.691732	1.9510162	21.798508	12.645731	13.210422	1.262833	15.241749	11.601822	288.0	288.0	0.0	0.0	67543.414	0.06621903339460784	990001.0	579.901	58.25895	867.9837	480.6538	579.9013	58.252186	869.12665	480.2039	6.0153403	0.29549247	7.3794255	4.238391	0.99994546	1.0348446	6.2688603	-15.049282	-465.38574	78.87221	78.91035	0.0052052974	0.00018440223	0.11117525	1.117906	-0.076694585	2.9330888	18.786701	-0.99994504	4.660013	263.74762	8497.209376573563
34	2133.3838	377.89484	2924.335	1670.9441	2216968.0	420400.3	3074226.2	1786199.9	16.539326	2.2554038	21.192614	10.321558	15.543547	1.6721914	18.528898	12.443032	288.0	288.0	0.0	0.0	69270.57	0.06597197172619047	1020001.0	580.05646	58.010197	862.30194	478.77142	580.0572	58.006653	866.78955	479.0081	6.007385	0.2977171	7.426393	4.2712336	1.0000706	1.0431314	4.6350927	-10.766395	-467.93066	79.75735	79.812965	0.005330292	5.2543306e-05	0.0865654	1.0907608	0.045267805	2.9129782	18.414148	-1.000071	0.32534814	256.25546	8753.456006765366
35	2066.8887	347.42838	2938.1926	1656.3705	2108893.5	295585.34	2901345.8	1864090.8	16.48271	1.9601928	22.421644	12.032682	16.836971	1.0994141	18.623348	15.519135	288.0	288.0	0.0	0.0	70988.81	0.06573038194444444	1050001.0	580.4071	58.000034	863.9905	481.58322	580.40753	57.993862	865.46094	479.25977	6.0015173	0.29301485	7.3466063	4.2426476	1.0002753	1.0360903	9.850447	-10.63323	-466.712	79.95015	79.99877	0.005260437	-0.00018304246	0.10964537	1.116331	0.10763753	2.9275582	18.684677	-1.0002753	22.755571	283.5132	9036.972702741623
36	2118.9033	382.1364	2979.3281	1705.0563	2238255.2	341838.06	3096857.2	1996979.2	16.828508	2.0835552	22.160505	11.36117	19.053267	2.5403328	21.870995	14.5139265	288.0	288.0	0.0	0.0	72739.836	0.06553138372747748	1080001.0	580.2385	57.510284	865.92426	481.78757	580.2386	57.504395	869.132	479.52026	6.0055966	0.28939155	7.421923	4.2566295	0.9998573	1.0411748	10.568911	-11.167596	-467.83154	78.760124	78.85167	0.005293792	0.00028680993	0.0970108	1.1022023	-0.025855333	2.9153032	18.455324	-0.9998573	1.4585679	240.22324	9277.192683458328
37	2105.2693	347.2129	2914.522	1738.6432	2247719.5	546017.25	3113067.0	1827707.4	16.399845	1.8950651	21.128553	12.04767	12.828524	1.5436598	15.366047	10.278185	288.0	288.0	0.0	0.0	74448.09	0.06530534539473684	1110001.0	580.2219	57.461845	864.7546	481.88055	580.22266	57.455814	867.16644	479.59302	6.003598	0.28673032	7.2456913	4.20214	0.9999928	1.0417001	5.9113054	-11.332245	-466.4316	78.61205	78.699936	0.005301895	0.00012435978	0.099052906	1.1044765	-0.017627751	2.9278743	18.68818	-0.9999928	0.3159957	260.93402	9538.147380590439
38	2095.1228	359.6589	2978.7004	1709.9899	2174930.0	368298.4	2888008.8	1791168.1	16.48478	2.0902417	21.906553	12.136847	13.812521	1.7491999	17.088453	11.003392	288.0	288.0	0.0	0.0	76164.516	0.06509787660256411	1140001.0	580.54956	57.647015	867.13184	479.42212	580.5498	57.644444	867.7694	479.9866	6.000582	0.2881351	7.2096443	4.190971	1.0003461	1.0401165	4.293809	-12.176206	-467.23242	79.08843	79.15016	0.005316496	-0.00025431512	0.10097401	1.1066277	0.013433394	2.9239743	18.61572	-1.0003458	18.155678	278.83252	9816.959730863571
39	2108.8506	369.54428	2937.8374	1743.6421	2111939.5	156875.42	2457832.5	1975072.2	16.507313	2.0565221	22.542725	10.392905	15.739179	2.0104694	17.991606	10.574327	288.0	288.0	0.0	0.0	77882.69	0.06490223958333333	1170001.0	581.2311	57.87302	867.9804	480.41592	581.231	57.864857	868.4007	479.05478	6.002892	0.2832566	7.164677	4.2931266	1.0000498	1.0401627	5.797413	-11.731196	-468.18323	79.34464	79.44505	0.0052606845	6.532313e-05	0.10541069	1.111523	-0.04084878	2.920996	18.561672	-1.0000497	0.28654385	243.33005	10060.297423124313
40	2134.0205	371.8863	2938.042	1734.6228	2396162.5	434553.53	3088999.8	1945494.2	16.842592	2.239693	21.43863	11.276717	15.091476	1.6229783	17.195395	11.520402	288.0	288.0	0.0	0.0	79639.52	0.0647475800304878	1200001.0	581.1814	57.66157	866.9853	482.02017	581.18146	57.656223	869.9924	477.56406	5.995063	0.28549784	7.14064	4.2530904	0.9997578	1.0481712	5.807507	-14.351685	-469.27167	78.82383	78.92555	0.0053395415	0.00038969962	0.09478776	1.0998702	0.09476421	2.9120932	18.39709	-0.9997586	0.30624604	260.68384	10320.972019433975
41	2211.3813	416.73447	2940.3748	1666.2839	2044192.4	87834.16	2224313.8	1883568.0	16.191597	2.2912285	22.534155	11.41223	16.224722	1.5724672	18.763077	13.590878	288.0	288.0	0.0	0.0	81324.49	0.06454324776785714	1230001.0	580.92847	58.201748	866.774	477.36917	580.9285	58.194958	869.6009	473.55023	6.0154896	0.28758177	7.4328375	4.27115	1.0001028	1.0355873	4.7062573	-11.899901	-468.44812	79.25222	79.37002	0.0052794856	6.308015e-06	0.114281274	1.1214721	-0.29086775	2.9133954	18.425388	-1.0001029	16.058558	276.0072	10596.979994058609
42	2113.6682	370.24484	2936.7224	1702.8954	2366037.2	492945.66	3115428.5	1834168.2	16.100157	2.166068	22.406954	11.760706	13.0342455	1.3100423	15.175668	11.226184	288.0	288.0	0.0	0.0	83002.93	0.06434335634689922	1260001.0	580.4488	58.736122	869.76514	477.77368	580.4492	58.73013	872.923	474.40714	5.9939	0.28750956	7.511181	4.2786093	1.0000635	1.0386721	5.405367	-13.612842	-468.05414	80.16067	80.279205	0.005314606	4.439262e-05	0.10974877	1.116362	0.11679482	2.9164555	18.477015	-1.0000637	0.32910323	247.5842	10844.57956981659
43	2069.134	353.0374	2978.519	1663.4331	2292065.2	424408.84	3091488.0	1935003.4	16.705559	2.186077	23.203655	9.531003	17.262953	2.3987484	21.247581	12.924984	288.0	288.0	0.0	0.0	84743.49	0.06419961529356061	1290001.0	579.3888	58.423424	865.7324	479.47266	579.38904	58.415726	869.3787	473.62955	5.9984765	0.2874601	7.18209	4.2760844	0.99992913	1.0493336	10.480322	-11.727982	-466.96652	79.5565	79.70182	0.005383052	0.00019982367	0.108532585	1.1150031	0.030733049	2.915909	18.46641	-0.99992996	0.31143403	236.95456	11081.51256275177
44	2067.4175	347.6014	2916.8445	1703.3551	2334087.0	479679.78	3088781.0	1881402.9	16.735304	2.0171711	21.128807	11.817926	15.959879	2.3600192	20.787758	11.47827	288.0	288.0	0.0	0.0	86486.414	0.06406401041666666	1320001.0	579.6398	58.57139	868.10223	479.5477	579.6402	58.56537	870.60785	479.10962	6.0014176	0.29084173	7.3719807	4.2480745	1.0002161	1.0551598	4.7621756	-13.419739	-468.55865	80.36018	80.499825	0.005469058	-0.00011219846	0.102153055	1.1078492	-0.024255713	2.9031985	18.233622	-1.0002158	0.33879638	233.26424	11314.778441429138
45	2121.5056	394.80035	2997.8323	1706.6337	2206075.5	315245.28	2910637.0	1947768.9	16.817299	2.0956404	21.543987	12.68999	15.194914	1.9446787	18.45311	11.855519	288.0	288.0	0.0	0.0	88238.5	0.06394094202898551	1350001.0	579.47986	58.481163	868.15466	477.7917	579.48096	58.472225	869.10394	471.8399	6.0068283	0.29008046	7.3882856	4.2572317	0.99996984	1.0481876	6.223229	-11.770382	-466.7961	80.62076	80.7759	0.0054873596	0.00015092481	0.095723554	1.100764	-0.1282158	2.9169729	18.486656	-0.99996936	0.28483772	232.91885	11547.693039178848
46	2101.5645	375.06265	2968.7769	1706.2269	2215318.2	449504.94	3134644.0	1888215.8	16.533657	2.1884959	21.603655	10.874895	14.1788845	1.2034516	16.135899	12.41002	288.0	288.0	0.0	0.0	89960.25	0.06380159574468085	1380001.0	580.3656	58.797012	875.12634	471.10883	580.36554	58.78838	873.98315	479.05875	5.985461	0.28990558	7.3111176	4.217172	1.0000589	1.0358914	5.543717	-11.361719	-466.13882	81.4314	81.53754	0.0053961603	5.577547e-05	0.097693875	1.1031257	0.27848953	2.9341407	18.811773	-1.0000591	0.30377555	233.13853	11780.855588197708
47	2083.085	356.47412	2933.398	1779.292	2227717.5	344196.5	2940760.2	1962281.9	16.277996	2.0800738	21.864191	11.496212	18.917948	1.7398311	21.340582	15.612228	288.0	288.0	0.0	0.0	91653.875	0.06364852430555555	1410001.0	580.20264	58.267452	869.4056	479.84235	580.20294	58.262444	869.69946	480.3161	5.991549	0.28353238	7.044638	4.265215	0.99986035	1.0351002	6.0546165	-13.461931	-467.60052	80.13818	80.18255	0.005287618	0.00027654495	0.10311275	1.1090034	0.16636103	2.9187663	18.52143	-0.99986005	4.7762976	256.2815	12037.129160642624
48	2122.2756	391.41443	2980.4668	1689.8674	2399392.8	434241.9	3014698.2	1899079.5	16.63859	2.0855424	22.518364	11.504067	15.27256	1.3782599	17.788784	13.712292	288.0	288.0	0.0	0.0	93389.04	0.06352995854591836	1440001.0	579.4964	57.612503	867.98615	473.17804	579.497	57.611885	866.0029	477.94327	6.0138855	0.2858369	7.4652243	4.1658783	1.0000366	1.0445142	5.122118	-13.757484	-467.5518	78.95693	78.94925	0.005392476	8.7008986e-05	0.09950268	1.1050849	-0.252963	2.9089692	18.342524	-1.0000368	0.29530597	257.00986	12294.14230132103
49	2049.9006	330.52573	2965.435	1721.5083	2259815.5	346816.97	2964301.2	1954793.5	16.84356	1.8373632	22.2962	12.487714	16.376993	1.8187342	19.069376	13.853709	288.0	288.0	0.0	0.0	95143.24	0.063428828125	1470001.0	578.9638	57.742027	864.76874	476.79037	578.9639	57.74176	865.0182	474.7815	5.999973	0.28275645	7.2649155	4.2992477	1.000209	1.0402615	6.2362275	-12.089531	-467.43167	79.77376	79.79847	0.0053685955	-0.00010229186	0.102995224	1.1089123	0.0045995153	2.9078212	18.317146	-1.0002095	0.29137015	260.9586	12555.091253519058
50	2123.059	356.48923	2932.3389	1698.5482	2097082.0	178311.23	2428181.8	1903435.0	16.602283	2.185686	21.619379	11.468528	16.612923	2.0990071	19.253017	12.420301	288.0	288.0	0.0	0.0	96871.75	0.06331486928104575	1500001.0	579.5225	57.283195	865.3582	477.01505	579.5223	57.281918	867.2878	470.63287	5.998752	0.28228077	7.1438155	4.2110534	1.0001831	1.0447534	5.375254	-12.248426	-468.26834	79.64155	79.63985	0.005384529	-7.808261e-05	0.09597744	1.101114	0.026804816	2.9054985	18.274536	-1.000184	0.29577136	232.9798	12788.078023910522
51	2155.184	394.44775	3004.3145	1691.9308	2090829.6	364488.0	3104144.2	1821362.1	16.271639	2.2345915	21.818981	10.760407	13.556421	1.68854	16.553072	11.439921	288.0	288.0	0.0	0.0	98568.22	0.06318475560897435	1530001.0	580.0966	57.715694	870.4418	478.75934	580.09607	57.715515	869.93036	476.1	6.0087934	0.2832583	7.3523836	4.242392	0.9998806	1.0486661	5.715033	-12.013139	-468.07648	79.88752	79.86908	0.005414866	0.00025978335	0.09529507	1.1002877	-0.16073892	2.9106405	18.369774	-0.9998805	0.2906747	233.04218	13021.119569301605
52	2096.539	383.2123	3048.369	1664.7921	2086197.2	155576.97	2457818.2	1930542.8	16.396475	2.1804655	23.67947	11.003856	13.524397	1.59493	15.366295	10.4335375	288.0	288.0	0.0	0.0	100272.086	0.06306420499213837	1560001.0	577.72845	57.667946	872.971	465.53278	577.72784	57.669365	867.5928	472.72833	5.994594	0.27928826	7.505566	4.259917	0.99997044	1.0520617	6.8644643	-11.968039	-465.44553	80.13668	80.120865	0.0053901365	0.0001572071	0.10501702	1.111105	0.10859987	2.9152215	18.454159	-0.99997056	0.32020164	233.14972	13254.280609607697
53	2149.921	400.83545	2950.9133	1712.7944	2169152.0	419095.72	3001533.2	1841276.1	16.489422	2.2153747	20.943201	10.622624	13.730888	1.5000142	15.54368	11.238843	288.0	288.0	0.0	0.0	101996.26	0.06296065297067902	1590001.0	576.8406	58.017467	867.0034	467.9631	576.8406	58.01894	865.46436	474.4425	5.993916	0.28351822	7.314804	4.258337	1.000138	1.0511588	5.532298	-12.614183	-464.77298	80.42858	80.41675	0.0054556564	-3.613669e-05	0.10150534	1.1072628	0.11778799	2.9132502	18.420008	-1.000138	0.34716105	233.10582	13487.389990568161
54	2124.8264	368.74738	2945.5059	1717.0864	2044421.4	297570.94	2901989.5	1846150.8	16.328487	1.9515704	20.342655	11.863554	13.403261	1.3167233	15.130837	10.538902	288.0	288.0	0.0	0.0	103694.164	0.06284494791666667	1620001.0	577.2602	57.73226	864.93207	474.6137	577.2599	57.733356	860.90204	474.68866	5.9986105	0.28447652	7.279582	4.243173	0.99973416	1.0387856	11.336035	-12.42462	-464.64914	79.33075	79.32105	0.005367008	0.00041046424	0.09929793	1.104803	0.031550255	2.9175377	18.498325	-0.9997344	0.30725503	233.43666	13720.815361499786
55	2114.6836	390.19138	2935.6255	1648.9767	2425503.8	410766.7	3154823.5	1970142.0	16.747097	2.3850195	21.532633	11.211681	15.456349	2.1360593	19.169828	11.097932	288.0	288.0	0.0	0.0	105439.414	0.06276155598958333	1650001.0	578.93164	57.965775	864.1948	477.95413	578.931	57.96671	864.08014	471.86383	6.0153613	0.2857676	7.3064575	4.27718	1.0002015	1.0382392	5.1773505	-12.45175	-464.39014	80.55412	80.596985	0.00538964	-7.836653e-05	0.09989438	1.1057175	-0.28573492	2.9319682	18.766937	-1.0002013	0.2892425	233.10768	13953.920809745789
56	2089.035	362.9247	2934.7083	1649.1312	2264448.0	432698.34	3106323.8	1870176.4	16.962824	2.101956	22.197454	11.6486435	14.193914	2.2913764	17.621178	10.011078	288.0	288.0	0.0	0.0	107207.16	0.06269424342105263	1680001.0	576.7071	57.66178	860.32385	471.28754	576.7071	57.66241	859.29565	469.46582	5.980046	0.28710395	7.253489	4.2158747	1.0000805	1.0483476	11.084713	-13.424561	-465.8277	80.276405	80.313286	0.005478849	4.09448e-05	0.099912696	1.1054984	0.37797225	2.9045572	18.264715	-1.00008	0.33353734	233.33571	14187.27077460289
57	2041.937	338.34753	2907.6062	1660.0459	2364602.5	442479.0	3079354.0	1936158.9	16.739697	2.062593	21.624022	11.042238	15.248838	2.0899541	17.80241	12.4969425	288.0	288.0	0.0	0.0	108949.3	0.06261453843390805	1710001.0	576.00885	57.460114	859.6898	474.9967	576.0085	57.460136	860.6467	475.0943	5.998501	0.2848969	7.316428	4.2330403	1.0002153	1.0492514	9.071693	-13.048173	-463.94916	78.884766	78.900536	0.0054076184	-0.00012158302	0.09916237	1.1045935	0.037194856	2.9124618	18.403519	-1.0002155	0.2827177	233.35301	14420.61179614067
58	2157.7852	409.48187	2979.7297	1708.7528	2505137.2	483527.22	3123677.0	1944908.2	16.621656	2.0246701	21.541203	11.895744	15.722684	1.0593146	17.97998	14.292141	288.0	288.0	0.0	0.0	110680.14	0.06253115289548022	1740001.0	575.5754	57.995968	870.4014	473.96848	575.5751	57.998108	861.6943	474.21426	6.003361	0.2856045	7.400071	4.2741513	0.99999154	1.0536269	8.323481	-10.873758	-464.77994	79.49284	79.49239	0.00544145	0.0001252031	0.10597888	1.1121268	-0.057955567	2.9000833	18.176434	-0.99999166	0.29893088	233.60458	14654.217232704163
59	2076.6497	339.61896	2958.814	1713.2019	2429128.8	500648.3	3137537.5	1934624.9	16.678268	2.073621	22.62602	10.679083	14.362045	1.3297175	17.196495	12.518362	288.0	288.0	0.0	0.0	112416.734	0.06245374131944444	1770001.0	574.4755	57.65435	869.4568	471.25415	574.4752	57.65788	862.6897	472.8969	5.9948926	0.2871761	7.190338	4.231002	1.0000179	1.0437224	5.376282	-13.677425	-463.4916	78.86612	78.81627	0.0053799404	9.9049845e-05	0.11166383	1.1184659	0.10192361	2.9030511	18.23308	-1.0000178	0.28692794	233.3176	14887.532171010971
60	2078.241	376.26553	2978.0364	1723.6718	2350216.5	385475.28	3147215.8	2004080.4	16.517836	1.9853969	21.325933	10.523987	15.9477825	1.2755605	17.786055	13.342551	288.0	288.0	0.0	0.0	114138.586	0.062370811987704916	1800001.0	574.65015	57.790493	864.42413	470.82452	574.6504	57.792477	860.71515	467.64648	6.004855	0.28605178	7.119134	4.2444363	1.0001098	1.041587	4.1506033	-13.392488	-462.2534	79.06809	79.02185	0.005385785	-4.224173e-06	0.11010999	1.1168258	-0.08445441	2.9143934	18.438402	-1.0001098	0.30108976	233.64981	15121.176842451096
61	2116.492	382.08087	2938.2576	1728.4792	2136388.8	278068.03	2803807.0	1874689.9	16.28623	2.1230826	22.56841	11.635214	17.502253	1.5477082	20.390005	15.274831	288.0	288.0	0.0	0.0	115834.914	0.062276835517473116	1830001.0	574.2349	57.95925	863.11285	472.1993	574.2345	57.96197	863.74023	460.76306	5.999166	0.28472134	7.187744	4.232313	0.9998989	1.0428425	6.4102297	-13.355716	-462.1998	79.298836	79.28191	0.005367231	0.00022704266	0.11666269	1.1241125	0.022533363	2.9119322	18.394466	-0.9998996	0.29883432	233.04967	15354.220118761063
62	2067.204	340.53433	2954.2578	1717.2316	2430732.0	494905.1	3085118.2	1960791.0	16.799442	2.0652509	22.418388	11.309329	14.129419	1.7178086	16.937132	11.766218	288.0	288.0	0.0	0.0	117587.17	0.062215434854497355	1860001.0	574.5146	57.842773	861.63257	470.24142	574.5143	57.846775	862.0599	472.37863	6.0147796	0.28509876	7.271304	4.245612	1.0001447	1.0498812	11.271966	-12.690659	-462.7788	78.87109	78.83361	0.005413644	-3.8712533e-05	0.116890386	1.1243339	-0.2770773	2.9063764	18.295332	-1.0001457	0.2889564	233.09573	15587.316957235336
63	2160.7422	393.08746	3020.4246	1711.0276	2036532.8	60595.793	2132263.8	1947597.2	16.135538	2.2804039	22.074068	10.519045	17.305725	1.0222075	18.958628	15.69964	288.0	288.0	0.0	0.0	119267.33	0.06211840006510417	1890001.0	572.1584	57.87928	860.45844	469.7803	572.1578	57.88342	859.6525	472.7989	5.969476	0.2791211	7.1727066	4.2508583	0.99993306	1.0447568	8.33337	-11.331812	-459.58853	79.431915	79.39265	0.005324496	0.00018798927	0.11855785	1.1263561	0.57863635	2.921076	18.572945	-0.99993336	0.31072688	252.9296	15840.24061179161
64	2172.1057	427.78207	3005.0093	1748.0754	2148164.8	337764.03	3095279.5	1852740.5	16.3633	1.9320153	22.353655	11.786421	14.722296	1.5318362	17.029137	11.25451	288.0	288.0	0.0	0.0	120970.91	0.06203636217948718	1920001.0	573.9583	57.993565	863.35706	474.02017	573.9578	57.998604	862.4697	472.5242	6.0126605	0.28108734	7.183927	4.2445526	0.99997395	1.0374181	6.229768	-12.550087	-461.524	79.60882	79.58204	0.005259433	0.00015667602	0.11304238	1.1200264	-0.22488451	2.9131033	18.418587	-0.9999737	17.463417	276.51477	16116.769725322723
65	2131.1821	402.0249	2991.748	1727.1351	2459558.0	478177.0	3092722.8	1978332.5	16.230923	2.1864834	22.296015	10.991107	17.017735	1.6639457	21.41863	14.839078	288.0	288.0	0.0	0.0	122659.77	0.0619493805239899	1950001.0	573.78046	58.049736	865.7326	471.92676	573.78015	58.055614	863.4117	472.3434	6.004938	0.28465423	7.2428393	4.268255	1.0001793	1.0518435	9.067561	-14.078478	-463.04395	79.552284	79.51528	0.0054094205	-7.480043e-05	0.114666425	1.1218005	-0.09374508	2.8989112	18.15707	-1.0001794	0.31957006	242.56003	16359.328733682632
66	2178.1284	385.24677	2920.1707	1718.192	2359005.2	403270.34	2926499.2	1908028.9	16.713747	2.0399933	21.25527	12.035924	14.561231	1.5563666	16.745926	12.280966	288.0	288.0	0.0	0.0	124402.29	0.06189168610074627	1980001.0	574.65027	58.37402	868.185	472.4687	574.64984	58.379757	864.26794	467.07733	6.005588	0.28819314	7.345862	4.2300663	1.0001569	1.0390521	6.2571683	-12.2903	-461.50635	79.86567	79.84643	0.005343992	-5.2179814e-05	0.11145129	1.1182275	-0.103310846	2.9207962	18.557339	-1.000157	0.3221314	260.7286	16620.051477909088
67	2082.8965	364.30225	2963.0017	1702.2483	2258398.2	368976.0	2954172.8	1917844.8	16.230427	2.2960384	21.177778	11.58331	15.10552	1.8963546	17.60845	11.641267	288.0	288.0	0.0	0.0	126092.37	0.06180998391544117	2010001.0	573.4259	58.648987	866.53125	470.63495	573.4256	58.655872	865.2882	469.96228	6.002421	0.28912145	7.2831616	4.278202	0.99995667	1.0488086	5.9707937	-13.049482	-459.7898	79.88816	79.83871	0.0053820983	0.000183775	0.12713873	1.1359142	-0.04148754	2.9253802	18.644524	-0.9999563	0.3037269	233.68265	16853.733212709427
68	2142.2512	372.22003	2958.9153	1712.9249	2222658.0	444370.47	3079437.5	1857768.5	16.62373	2.2229366	22.198025	11.377653	12.04978	1.3409698	13.861001	10.180273	288.0	288.0	0.0	0.0	127821.72	0.061749622584541065	2040001.0	573.6086	58.23866	860.48987	472.1882	573.6081	58.24519	858.9053	471.1045	6.0036397	0.28313702	7.3868923	4.312454	1.0001293	1.0315244	4.292344	-12.918048	-458.81552	79.24205	79.224686	0.005213119	-1.4914823e-05	0.124245316	1.1327696	-0.06208231	2.9356687	18.83637	-1.0001285	0.30488896	233.5943	17087.336589813232
69	2112.204	357.6751	2962.9358	1690.8668	2361626.5	349378.4	2902840.2	1942233.5	16.520369	2.5076995	22.501413	7.805086	13.654178	2.1512673	16.578447	10.251579	288.0	288.0	0.0	0.0	129544.11	0.06168767113095238	2070001.0	574.1053	58.850056	865.7872	472.56406	574.1041	58.857056	860.53546	468.38266	5.989312	0.28528586	7.079216	4.2798676	0.9997866	1.0355055	3.3744538	-12.280525	-459.95587	79.46117	79.4336	0.005238408	0.0003657254	0.12855363	1.1374784	0.20633566	2.9322045	18.773283	-0.9997872	0.32733417	233.01683	17320.339897871017
70	2077.4004	353.1995	3000.7803	1702.3484	2479422.5	415468.7	3090905.2	2024070.8	16.670006	1.9786644	20.556023	11.268857	15.962181	1.881324	18.617525	12.753504	288.0	288.0	0.0	0.0	131280.33	0.06163395686619718	2100001.0	575.0114	59.050976	865.8569	473.62457	575.0107	59.05746	864.3275	464.89117	6.002846	0.29266247	7.144888	4.2356796	1.0001501	1.0427408	6.85488	-13.989081	-461.4993	79.57693	79.55854	0.0053446614	-3.114365e-05	0.12485926	1.1334009	-0.049132656	2.9244692	18.624962	-1.0001498	0.3017819	249.62671	17569.970967531204
71	2111.5034	372.47647	2926.4456	1711.7682	2128336.5	430777.22	2981285.5	1773198.0	16.371878	2.089778	20.988745	9.501909	13.428676	1.3382989	15.636756	11.315038	288.0	288.0	0.0	0.0	132987.77	0.06156841001157407	2130001.0	574.9258	59.033028	877.5502	469.29572	574.9248	59.04004	861.91943	467.19418	5.9983087	0.29141876	7.1737804	4.265076	0.9998558	1.0266734	3.8643508	-11.718223	-460.2344	79.43754	79.40071	0.0052226037	0.0002812563	0.12391984	1.132352	0.04006206	2.9357452	18.835938	-0.9998556	0.3156984	233.1577	17803.138895511627
72	2094.9856	364.06955	2973.492	1691.6019	2538407.8	455037.78	3110805.5	1936379.0	16.425608	2.2268176	22.988903	10.98144	16.667004	1.5616289	19.363024	13.51904	288.0	288.0	0.0	0.0	134698.19	0.06150602168949772	2160001.0	575.56604	59.175877	868.70764	471.12595	575.56494	59.18288	864.0203	472.47876	5.996953	0.291183	7.1029606	4.2450404	1.0002431	1.0368915	3.8157444	-12.452213	-463.47006	79.36649	79.330475	0.0052740225	-0.000149858	0.11905163	1.1268041	0.05855529	2.9127755	18.409086	-1.000244	0.29941583	232.97748	18036.12287926674
73	2152.2297	400.2292	2956.2195	1727.071	2375818.5	387084.1	3108301.0	1990675.2	16.725569	2.1791968	24.824099	10.988119	16.117075	2.05552	19.532667	13.4660225	288.0	288.0	0.0	0.0	136441.47	0.06146012105855856	2190001.0	576.16486	58.8386	865.51056	473.38217	576.1644	58.84596	864.0396	473.69904	6.002649	0.28945446	7.1090612	4.248867	0.9998925	1.0351534	5.9295664	-13.566323	-464.5808	79.413506	79.36223	0.005286955	0.00024774697	0.11820875	1.1258712	-0.04777027	2.9071693	18.306248	-0.9998923	0.29957986	233.02585	18269.135645627975
74	2124.269	385.9937	2956.595	1725.4988	2278093.0	407891.53	3135116.5	1960281.8	16.346098	2.2359786	21.242552	10.159966	18.092937	2.3942423	20.680944	12.541148	288.0	288.0	0.0	0.0	138144.0	0.06139733333333333	2220001.0	575.8673	58.468407	864.4498	475.26666	575.8674	58.473976	865.51996	473.509	6.0050054	0.28660318	7.2480655	4.2638683	1.0000284	1.0432289	4.1895256	-13.575102	-464.1608	78.71349	78.66032	0.005246756	9.304767e-05	0.10570817	1.1117979	-0.09111102	2.907891	18.321558	-1.0000281	15.1069765	247.48639	18516.624487638474
75	2110.1467	382.21588	3015.2002	1696.1968	2133761.8	197232.2	2583816.2	1863271.0	16.160883	2.0842988	20.766262	10.878562	15.917277	1.5872335	18.39863	12.790586	288.0	288.0	0.0	0.0	139827.75	0.06132796052631579	2250001.0	575.2078	58.12894	865.40576	473.68445	575.20734	58.135998	861.8566	471.71054	5.995305	0.2823159	7.1313376	4.2849245	1.0000858	1.0471402	6.7413116	-12.474371	-464.34927	78.04459	77.99936	0.0052448274	2.8395876e-05	0.10685531	1.1131124	0.09117446	2.9018416	18.209032	-1.0000858	1.3704083	240.24901	18756.870938777924
76	2136.845	381.0669	2941.1191	1757.4152	2472514.2	443104.53	3089676.2	1937784.2	16.271341	2.1522498	21.297546	11.151958	15.721141	2.090299	18.696098	12.616472	288.0	288.0	0.0	0.0	141520.61	0.061264333062770564	2280001.0	575.4471	58.655144	868.51355	472.06638	575.44653	58.66292	864.8081	472.7207	5.99876	0.28569177	7.1019635	4.289295	1.00004	1.0423915	10.562264	-11.367578	-464.35776	78.82042	78.73862	0.005244804	8.102554e-05	0.10074784	1.1063397	0.027600368	2.9034631	18.238317	-1.0000397	0.29346037	258.63068	19015.511280298233
77	2066.7034	332.82834	2881.3203	1672.3806	2153574.5	327407.03	3076747.2	1956055.6	16.69929	1.9807488	20.653206	9.190638	15.419459	1.9967853	18.284603	12.805026	288.0	288.0	0.0	0.0	143258.48	0.06122157451923077	2310001.0	577.228	58.272404	872.42346	471.37228	577.2274	58.279118	864.539	470.67764	6.0026865	0.2807652	7.4290066	4.327937	0.9999811	1.0291964	4.2585726	-11.92219	-465.4449	78.42834	78.38289	0.005122185	0.00015026999	0.09487933	1.0999012	-0.047318444	2.909278	18.344196	-0.9999809	0.3091433	258.63196	19274.14693713188
78	2181.8335	401.75882	2925.3882	1676.7747	2378609.5	453853.56	3149194.8	1946145.2	16.283018	2.2066138	22.533083	11.982389	17.960054	2.484515	21.656507	14.6658535	288.0	288.0	0.0	0.0	144957.19	0.06116337025316456	2340001.0	577.6013	58.009323	861.9721	472.28296	577.6006	58.013866	862.3895	474.70004	5.995677	0.28365263	7.2877913	4.3297095	1.0003942	1.0293757	5.9495215	-12.13885	-463.5192	78.231834	78.17441	0.005139689	-0.00031219644	0.10572316	1.1120567	0.086663924	2.9308774	18.746164	-1.0003943	0.30687165	256.21155	19530.355865240097
79	2135.4248	391.74835	2965.7698	1643.4431	2262576.2	529548.25	3120080.5	1797288.9	16.477905	2.1216972	21.783136	11.701797	12.954605	1.9055607	16.824648	9.756865	288.0	288.0	0.0	0.0	146674.77	0.06111448567708333	2370001.0	578.0484	58.6056	871.3491	474.12546	578.0481	58.612354	868.7016	477.30286	6.00047	0.28440008	7.168723	4.305155	0.9996152	1.0349725	7.2578187	-10.803889	-466.5879	78.0771	78.00095	0.0051522614	0.00055163953	0.10099387	1.1066645	-0.010157404	2.9066157	18.295822	-0.9996162	0.29342985	233.26016	19763.610263109207
80	2128.9805	353.0331	2925.7043	1753.2891	2293063.2	401585.34	3084576.5	1823595.9	16.72189	2.4228978	22.33714	9.805817	16.267063	1.5945141	18.234922	13.223577	288.0	288.0	0.0	0.0	148415.0	0.061076131687242796	2400001.0	577.9496	58.575363	881.66907	470.9255	577.9484	58.581993	867.1799	472.75867	6.010479	0.27623543	7.2214355	4.3049603	1.0002682	1.0161141	6.0312314	-11.701387	-462.8717	79.31171	79.28828	0.00497015	-0.00016487096	0.116346076	1.1238575	-0.19770184	2.9371557	18.864536	-1.0002686	0.2944131	233.47067	19997.082991838455
81	2093.7651	335.52545	2938.909	1710.1074	2410541.0	405973.2	3079886.8	1967690.5	16.503567	2.2347622	21.627495	10.797636	16.930315	2.4983	23.160786	14.128648	288.0	288.0	0.0	0.0	150132.62	0.061029522357723576	2430001.0	577.89545	58.623882	875.76794	476.3996	577.89484	58.629723	865.02277	472.2614	5.992332	0.2790783	7.109502	4.313195	1.0001379	1.0198624	8.022629	-12.147664	-461.96808	78.81624	78.77724	0.004993824	-2.340537e-05	0.10458529	1.1106164	0.15710954	2.9477453	19.064806	-1.0001378	0.31372452	233.36674	20230.4525513649
82	2111.7153	361.25555	2948.3489	1739.9689	2252061.5	404384.34	3022505.2	1900917.2	16.638794	1.9285123	22.770536	11.509205	15.732813	1.8761649	20.206886	13.558576	288.0	288.0	0.0	0.0	151869.11	0.06099161019076305	2460001.0	579.4521	59.057503	875.73315	478.0175	579.4515	59.06378	870.0182	477.42706	5.9981723	0.28745192	7.1157465	4.2739396	0.99993646	1.030692	6.171645	-12.436903	-469.30026	78.812294	78.74436	0.0051455856	0.00018969055	0.098625556	1.1040118	0.025879443	2.894933	18.08502	-0.99993646	11.357552	266.2243	20496.671398878098
83	2134.2534	382.8964	2920.3289	1706.1047	2433106.2	503666.12	3133844.5	1935827.6	16.256886	2.2239878	22.056181	11.564428	16.039349	2.2035024	20.242937	12.92362	288.0	288.0	0.0	0.0	153559.95	0.06093648933531746	2490001.0	579.14575	58.749325	868.7328	477.92065	579.14484	58.754612	863.51855	474.77298	5.9931664	0.28572565	7.0405564	4.296933	1.0001279	1.043544	5.708224	-12.828608	-468.74774	78.46758	78.422195	0.005178455	-5.6007384e-06	0.09085605	1.09555	0.13178925	2.8981464	18.141962	-1.0001277	0.29378057	248.7585	20745.441376924515
84	2089.7441	354.36356	2942.1604	1753.017	2158610.0	321339.66	3081161.2	1936820.8	16.859318	2.2694302	22.177761	10.751269	14.658522	1.857383	18.315468	12.241926	288.0	288.0	0.0	0.0	155317.67	0.06090889093137255	2520001.0	579.70654	59.411606	871.27466	478.64014	579.70624	59.417603	872.1598	458.96686	6.003058	0.2920468	7.193578	4.275715	1.0000132	1.0389651	5.3160667	-12.433321	-468.86655	79.68005	79.65188	0.0052335956	0.000114726674	0.09797256	1.1033107	-0.054445785	2.9003866	18.183857	-1.0000126	0.3570702	259.27835	21004.70766568184
85	2153.5337	385.63782	2973.7742	1748.4813	2291513.5	354508.97	3032315.2	1900597.6	16.389591	2.1178539	21.31554	12.175567	15.421324	2.0490088	18.566536	11.565904	288.0	288.0	0.0	0.0	157023.23	0.06086171875	2550001.0	580.1885	59.370075	871.6983	479.37396	580.1877	59.376415	870.85944	471.1383	5.998404	0.28958452	7.1733985	4.297418	1.0000908	1.0421548	6.2528577	-12.464491	-470.74698	80.094765	80.04768	0.005222866	2.309281e-05	0.087648615	1.0919715	0.026926225	2.8884356	17.966673	-1.0000918	12.000743	271.94495	21276.671740293503
86	2145.267	393.4236	2934.6746	1696.5146	2421659.0	432687.47	3049759.5	1989702.0	16.25326	2.1498263	20.609425	11.700915	16.840729	1.7093679	18.945076	13.519313	288.0	288.0	0.0	0.0	158718.42	0.060811655890804596	2580001.0	580.4736	59.240448	868.66693	479.22977	580.4728	59.245388	867.2404	478.81268	6.0037017	0.29377612	7.2389355	4.271712	1.0002977	1.0327045	5.87805	-11.942284	-468.69122	79.705986	79.697365	0.0052079377	-0.00020851812	0.097663105	1.1029583	-0.07334629	2.9089687	18.338713	-1.0002978	0.34303904	251.01466	21527.66288113594
87	2130.0347	362.3412	2934.093	1746.4675	2304673.5	356707.53	3004307.8	1994022.5	16.465254	1.9671156	20.427734	11.54759	18.694616	2.420476	22.496233	14.9938965	288.0	288.0	0.0	0.0	160433.95	0.06077043678977273	2610001.0	579.59845	58.79276	881.3862	480.75012	579.5978	58.797043	867.004	472.89322	5.9893017	0.28582853	7.2124343	4.3030143	0.9998643	1.0361812	5.8065305	-12.666722	-466.77496	79.46975	79.4572	0.0051504364	0.00028270335	0.098235354	1.1036204	0.20630309	2.920553	18.556885	-0.9998643	0.31835008	262.29895	21789.95448231697
88	2102.2036	345.71417	2930.9473	1767.1233	2122702.8	121057.68	2286033.5	1946636.5	16.65665	2.079539	21.644705	10.31471	17.321648	1.9425324	20.104717	13.954566	288.0	288.0	0.0	0.0	162165.5	0.060736142322097376	2640001.0	579.8848	58.72124	877.33057	475.34875	579.8839	58.72709	868.93884	476.70923	6.0039306	0.28949738	7.1561255	4.2780204	0.9997831	1.0452988	10.1092205	-12.369816	-468.6501	79.336266	79.32197	0.00523327	0.000359136	0.097031005	1.102216	-0.06803741	2.9039304	18.247334	-0.99978274	5.8039865	266.76035	22056.726186990738
89	2161.9458	398.85873	2928.5818	1738.8639	2213775.8	334411.53	3023925.5	1962202.2	16.301975	2.1974373	21.765558	11.7500105	16.559446	1.8792328	18.763597	12.166118	288.0	288.0	0.0	0.0	163862.47	0.06068980324074074	2670001.0	579.8034	58.498386	866.1216	476.40512	579.80334	58.502777	862.9611	480.09723	5.9978895	0.2888465	7.1880393	4.2695746	1.0003693	1.0455685	7.608777	-11.576121	-469.59775	78.65787	78.67703	0.0052285567	-0.00027380293	0.0951057	1.1001165	0.03743321	2.8954916	18.093613	-1.000369	0.2895646	257.07263	22313.81059408188
90	2081.6619	356.1259	2948.3767	1743.6855	2361140.8	408499.0	3110490.0	1919468.1	16.264175	2.0255961	22.384117	10.46311	16.677996	2.2125194	20.728813	13.285907	288.0	288.0	0.0	0.0	165560.19	0.060644757326007326	2700001.0	579.4814	58.578487	867.43915	476.49396	579.48035	58.583862	863.8668	467.6446	5.9983807	0.2841343	7.288439	4.290367	0.9999683	1.0502574	8.592052	-14.159131	-468.13535	79.24813	79.25253	0.0052089794	0.00016613369	0.10034831	1.1059082	0.031236311	2.9058003	18.280077	-0.99996823	21.673431	282.64978	22596.463609218597
91	2074.0159	363.30838	2955.515	1742.6997	2237904.5	464262.88	3113558.0	1800118.0	16.538614	1.9335333	20.212486	10.790144	13.931829	2.106922	17.410782	9.508001	288.0	288.0	0.0	0.0	167283.23	0.06060986752717391	2730001.0	579.0762	58.569946	864.62976	476.60858	579.076	58.57497	861.6295	473.32693	6.0066648	0.28747362	7.1760335	4.3077703	1.0000528	1.0509156	5.601601	-12.996416	-466.02103	78.96974	79.01349	0.0052273897	6.28139e-05	0.10348634	1.1094102	-0.12226632	2.919629	18.538528	-1.0000535	2.3242314	240.28215	22836.73951458931
92	2095.1597	364.9266	2955.685	1683.3849	2227957.5	433279.94	3094581.0	1886377.5	16.734592	2.0291626	21.666046	12.405193	12.901729	1.7863399	15.514089	10.208199	288.0	288.0	0.0	0.0	169026.95	0.06058313732078853	2760001.0	578.4495	58.873154	863.89557	472.83514	578.4487	58.878677	863.7989	472.89047	6.0011787	0.29001904	7.3059506	4.2691846	1.0003115	1.0467056	6.3169465	-13.264594	-466.04898	79.19191	79.205574	0.0052392245	-0.00021392271	0.108103745	1.1145631	-0.026082622	2.9147627	18.445787	-1.0003108	0.30014753	261.59644	23098.331243276596
93	2136.4788	383.754	2972.129	1681.3408	2399768.5	386070.56	3089329.5	2023360.8	16.21267	2.2983096	21.47182	10.923634	16.797655	2.094928	19.008394	13.075393	288.0	288.0	0.0	0.0	170715.38	0.06053736702127659	2790001.0	577.3748	58.3061	863.75073	473.83847	577.3737	58.3102	859.4169	467.5244	5.996355	0.2873394	7.3265667	4.2785473	1.000153	1.0493573	8.523556	-12.731108	-464.7527	78.97816	79.01255	0.0052333865	-4.4028082e-05	0.11181271	1.1186132	0.06857378	2.9175644	18.496864	-1.0001533	18.922802	278.1195	23376.45156645775
94	2074.6455	350.97046	2939.8257	1712.4122	2419394.5	395223.16	3052628.0	2005255.8	16.701538	2.0106096	21.018171	12.272817	19.20463	2.2588868	22.550474	15.800594	288.0	288.0	0.0	0.0	172457.44	0.060511381578947365	2820001.0	577.96436	59.1216	869.72314	476.17053	577.9634	59.1276	861.1386	471.5133	6.0020876	0.2913222	7.2387447	4.295881	1.0003066	1.0395335	6.784555	-13.418167	-465.44824	79.161644	79.17243	0.005192954	-0.00022340719	0.10966729	1.1164042	-0.043721274	2.9157984	18.46392	-1.0003062	0.7182808	240.28458	23616.732627868652
95	2186.3386	382.2632	2914.5396	1747.7465	2331688.5	460330.8	3069989.5	1858982.5	16.261347	2.517624	22.081245	10.845341	14.372948	1.5088459	16.110651	11.524468	288.0	288.0	0.0	0.0	174149.11	0.06046844075520833	2850001.0	578.3347	59.354527	867.2468	472.43033	578.3345	59.358894	864.7365	474.0469	5.990362	0.28784773	7.126137	4.324511	0.9995776	1.0308937	7.1235747	-11.23488	-464.7109	80.45613	80.48553	0.0051257024	0.0006239612	0.10837212	1.114961	0.17543045	2.9273	18.684277	-0.9995781	0.305063	260.11655	23876.869265556335
96	2071.357	343.42905	2880.1191	1731.186	2172658.0	264719.47	2907476.5	1890149.5	16.633284	2.1585448	22.813591	11.069992	13.261027	1.349769	15.19525	11.628286	288.0	288.0	0.0	0.0	175881.69	0.060440442439862546	2880001.0	579.1958	59.12101	865.6994	476.75925	579.19525	59.12534	862.79297	474.4305	6.0143547	0.29809287	7.1827493	4.247751	1.0000862	1.0379657	8.971512	-11.947237	-465.28897	79.34085	79.376564	0.005262241	4.1718453e-05	0.11460809	1.122093	-0.26914677	2.9258063	18.655548	-1.0000863	18.921553	279.61285	24156.45576620102
97	2174.7668	412.1065	2946.1453	1754.765	2260470.8	383660.66	3009815.8	1907061.2	16.38041	1.9473982	21.945574	11.916772	16.487865	1.7214322	19.540165	14.352269	288.0	288.0	0.0	0.0	177589.2	0.060404490858843536	2910001.0	577.88806	58.933277	862.0104	474.59262	577.8867	58.937954	857.51105	472.70963	5.998008	0.30089265	7.2293277	4.2075715	1.0000119	1.0339276	7.768855	-12.462248	-464.95587	79.64344	79.68737	0.005281564	0.00011664658	0.106621414	1.1130509	0.03339912	2.9201314	18.547535	-1.0000119	0.3029077	241.77754	24398.2483022213
98	2095.2314	372.6409	2956.6992	1735.124	2290675.0	397710.34	3108135.5	1930408.0	16.77889	1.8489623	20.919218	12.818143	16.085938	1.3985907	18.126553	13.847543	288.0	288.0	0.0	0.0	179335.17	0.060382212752525255	2940001.0	577.5167	59.008972	862.30585	475.36975	577.5161	59.01275	859.5848	469.17947	5.9977	0.29765785	7.110997	4.278435	1.0001854	1.0409168	8.106699	-12.141615	-463.5763	79.97398	80.0522	0.005309291	-7.9503e-05	0.11422301	1.1214299	0.048406437	2.9291027	18.71364	-1.0001854	0.30626845	263.28098	24661.512427806854
99	2053.06	328.75122	2919.6536	1652.9718	2320916.2	477486.34	3104166.0	1931770.0	16.970263	1.8978673	22.52462	11.830821	16.05111	1.8935226	20.249413	13.626971	288.0	288.0	0.0	0.0	181103.39	0.060367796875	2970001.0	577.3518	58.833546	861.551	472.48627	577.3511	58.837795	859.5216	466.02118	5.997993	0.29806668	7.1458063	4.211129	1.00009	1.0468407	8.580568	-12.641127	-463.85773	79.40273	79.4626	0.0053451085	4.4349115e-05	0.110476755	1.1172618	0.039240886	2.9251173	18.638186	-1.0000907	16.324995	274.9458	24936.479803562164
