Epoch	AverageEpRet	StdEpRet	MaxEpRet	MinEpRet	AverageTestEpRet	StdTestEpRet	MaxTestEpRet	MinTestEpRet	AverageEpCost	StdEpCost	MaxEpCost	MinEpCost	AverageTestEpCost	StdTestEpCost	MaxTestEpCost	MinTestEpCost	EpLen	TestEpLen	EpGoals	TestEpGoals	CumulativeCost	CostRate	TotalEnvInteracts	AverageQR1Vals	StdQR1Vals	MaxQR1Vals	MinQR1Vals	AverageQR2Vals	StdQR2Vals	MaxQR2Vals	MinQR2Vals	AverageQCVals	StdQCVals	MaxQCVals	MinQCVals	AverageQCVar	StdQCVar	MaxQCVar	MinQCVar	AverageLogPi	StdLogPi	MaxLogPi	MinLogPi	LossPi	LossQR1	LossQR2	LossQC	LossQCVar	LossAlpha	LogAlpha	Alpha	QcPi	QcPiRaw	QcPiVar	QcPiCVaR	PiEntTerm	PiQTerm	PiCostTerm	LossBeta	LogBeta	Beta	PiEntropy	TestTime	EpochTime	TotalTime
1	1895.8711	621.0103	2826.564	471.2138	1749729.8	867241.7	2735783.5	484771.53	53.16073	16.084646	104.11018	23.584457	35.11959	13.307151	63.142212	20.002106	288.0	288.0	0.0	0.0	5544.563	0.09240938313802083	30001.0	287.29874	174.6109	947.1725	-3.1298811	287.31366	174.58678	947.68317	-4.1738825	10.45914	4.063993	23.282404	0.3154258	1.9478501	1.3035861	16.884508	0.0014498293	0.97716796	1.2616906	21.100111	-14.401056	-265.00815	37.780384	37.621418	0.037658546	0.0024644493	0.013411223	-0.5948972	0.56044316	10.438986	10.432057	1.9475144	11.483487	0.5470319	287.32953	21.774357	-13.409166	0.4100091	1.6778914	-0.9771677	0.31576705	151.39822	152.15933680534363
2	1809.5138	635.9118	2780.809	307.82437	1698216.4	617330.75	2789806.5	517097.72	33.682957	10.130282	80.18373	19.831858	11.321177	2.9300282	17.033545	7.7701855	288.0	288.0	0.0	0.0	9040.792	0.10045324435763889	60001.0	504.51868	167.93216	1073.6276	61.32453	504.51712	167.93765	1070.406	61.320976	12.911333	2.8004012	23.662586	6.7047935	3.329452	1.6477805	10.864355	1.6534638	1.0013556	1.1435655	6.0051813	-13.6430435	-440.24283	88.11235	88.033035	0.031613395	0.0014109235	-0.000824087	-0.21331589	0.8093668	12.857306	12.857288	3.3300576	14.277405	0.81019086	504.21994	63.166946	-40.79862	1.4797151	4.473668	-1.0013562	0.3073976	154.57118	306.78342294692993
3	1809.2043	566.19415	2747.2532	228.21176	1959340.2	556405.06	2891418.8	796165.2	23.958101	4.019884	36.777233	14.340731	19.467411	3.9323578	25.265047	12.018061	288.0	288.0	0.0	0.0	11532.597	0.09610497233072916	90001.0	535.14404	175.2372	1081.0946	29.618448	535.14404	175.23894	1077.6448	27.96067	10.065958	1.7956926	18.945683	6.613384	2.0402122	1.918146	10.427279	0.70734704	1.0002153	1.0877365	7.803009	-13.7091055	-452.49606	95.7429	95.55908	0.01940516	0.001282208	1.89857e-05	-0.1684366	0.8454655	10.010353	10.010263	2.04003	11.073732	0.8454465	534.70386	81.362305	-44.275967	1.9971598	7.41727	-1.0002161	0.28156042	156.89049	463.6151022911072
4	1866.4108	517.5674	2748.6545	102.51142	1681019.8	1090184.6	2819170.8	71477.31	18.253695	3.4984047	26.334496	9.2906685	11.373724	4.0909243	16.474863	2.5469923	288.0	288.0	0.0	0.0	13439.002	0.08959334635416667	120001.0	532.4882	178.69461	1078.1136	11.728611	532.49207	178.685	1079.3595	11.704255	7.646055	0.9815149	13.4164295	4.290989	1.2963796	1.1883937	7.035051	0.54896885	1.0002717	1.0437438	14.316542	-13.029512	-444.13913	101.61518	101.5478	0.012687533	0.00073943654	-7.6365344e-05	-0.12811697	0.88005537	7.589611	7.58891	1.2961615	8.440226	0.8801317	531.9605	86.941284	-35.14578	2.334487	10.359097	-1.000272	0.29022455	159.05713	622.7521398067474
5	1623.6394	665.0633	2572.7234	106.811615	1464385.8	1025493.0	2679023.2	6000.0	14.58812	3.1409605	29.672771	8.917898	6.771862	3.5046976	12.20592	0.0	288.0	288.0	0.0	0.0	14947.782	0.08304323459201389	150001.0	516.67725	181.39735	1062.2688	-0.98694265	516.67725	181.39207	1068.6426	-1.8068738	6.0693054	0.68140274	10.119949	3.5370085	0.9108335	0.75053614	4.489668	0.39331165	1.0005301	1.0428977	9.221366	-12.104228	-425.86612	99.76951	100.21975	0.008684395	0.0004848653	-0.0003600718	-0.07698548	0.9262926	6.012903	6.009929	0.9107201	6.7341666	0.9266527	515.9407	89.147934	-22.7048	2.5849078	13.28881	-1.00053	0.3049929	157.95752	780.7250514030457
6	1578.87	649.9328	2596.0571	48.313828	1381302.2	646937.06	2393134.0	206171.16	11.096415	2.6171513	19.196238	3.4202573	5.4101324	2.3339903	8.945918	2.0137322	288.0	288.0	0.0	0.0	16104.448	0.07668784877232143	180001.0	493.11984	185.16728	962.61334	-9.0399475	493.11734	185.17152	964.18445	-10.644193	5.1053214	0.46554163	8.129955	3.3005729	0.66957253	0.51065916	3.213118	0.30419442	1.0001011	1.0363414	15.111407	-12.954116	-399.60724	96.9715	97.37261	0.006623571	0.00042331655	2.514584e-05	-0.034091808	0.96694833	5.0505214	5.0435057	0.6693944	5.673811	0.9669232	492.24164	91.66745	-10.794382	2.7830675	16.189867	-1.0001003	0.3021431	158.54701	939.3113033771515
7	1550.5618	601.79425	2539.5073	43.909233	1447247.8	814982.0	2447023.5	0.0	9.477852	2.061529	14.826008	2.1607554	5.3277473	3.4082544	12.383318	0.0	288.0	288.0	0.0	0.0	17091.857	0.07121607259114583	210001.0	470.63794	185.0128	892.01654	-10.341885	470.63593	185.01913	889.3548	-10.664522	4.597145	0.35200706	7.03208	3.3021445	0.535318	0.33900875	2.4047391	0.27960184	1.0001519	1.0319089	14.388326	-12.621892	-371.49185	93.419876	93.60825	0.0055292826	0.00032782997	-3.3664477e-05	0.00046181233	1.0007489	4.545462	4.5342593	0.5351201	5.1099567	1.0007826	469.6974	97.20475	-3.3955	2.9456022	19.039663	-1.0001519	0.31931806	160.18129	1099.464004278183
8	1533.3027	553.78656	2522.3896	57.543808	1713343.4	622041.5	2591014.8	486726.72	9.118818	2.061944	14.897989	3.4066648	5.294585	1.3210635	7.875926	2.7732737	288.0	288.0	0.0	0.0	18040.947	0.06681832320601852	240001.0	449.09848	176.80522	854.1905	-14.316996	449.09558	176.81293	837.01556	-14.059102	4.4024553	0.29324475	6.36016	3.0971715	0.46081033	0.23249641	1.7208314	0.27200845	1.0000398	1.0204628	13.832134	-11.728851	-340.22754	84.69137	84.7605	0.0047821957	0.00025292058	6.0128696e-05	0.035028465	1.0360013	4.354842	4.341474	0.4605956	4.8843536	1.0359412	448.14227	106.87885	-1.4589937	3.0852923	21.889383	-1.0000385	0.2993424	158.9167	1258.3928470611572
9	1595.0144	596.1571	2477.1902	11.487385	1423465.8	852948.8	2430069.0	0.0	7.9135	2.1379893	12.908565	0.7096067	4.0186987	2.5290055	7.1885343	0.0	288.0	288.0	0.0	0.0	18861.977	0.06287325520833334	270001.0	435.2758	174.20848	828.4624	-19.726328	435.27432	174.2161	831.4098	-20.133823	4.280811	0.2575636	5.915895	3.1076622	0.40653414	0.1594945	1.3530048	0.25759286	1.000197	1.0147572	6.8229084	-11.128148	-316.93665	81.641975	81.72888	0.0041736583	0.00018363429	-0.00010386242	0.061493374	1.0637318	4.236494	4.221536	0.4061952	4.737695	1.0638356	434.3564	116.355934	-0.47275135	3.2009156	24.56431	-1.0001969	0.3060422	159.22273	1417.602865934372
10	1555.2687	677.99	2599.4568	15.401883	1587794.2	586917.3	2169997.5	174775.19	7.720364	2.1367145	12.017001	0.9319101	5.8340664	1.1973189	7.4512224	3.5271804	288.0	288.0	0.0	0.0	19669.275	0.05960386482007576	300001.0	435.78104	181.12831	844.24976	-22.48189	435.7773	181.13644	838.27655	-22.032583	4.2303624	0.23793131	5.6560707	3.1266994	0.3708383	0.11770727	0.9594126	0.2311836	0.9998554	1.014653	8.892515	-11.954138	-319.12082	89.22188	89.21176	0.003879568	0.00015311467	0.00024576226	0.026162548	1.0270479	4.190425	4.174803	0.37044698	4.671095	1.0268022	434.927	114.77936	0.18592088	3.2013361	24.572512	-0.99985576	0.31442332	159.46063	1577.0465042591095
11	1580.8164	578.1885	2492.9775	45.301895	1308731.0	652413.1	2120308.2	0.0	8.225601	2.1401973	14.906061	1.8731825	5.5281534	2.7938645	11.12195	0.0	288.0	288.0	0.0	0.0	20526.156	0.05701710069444445	330001.0	441.8628	184.79173	853.0062	-23.196373	441.86026	184.79875	850.6465	-24.342798	4.268037	0.24076907	5.5815063	3.205678	0.36119398	0.11135697	0.89767224	0.22545588	0.9998459	1.0173914	7.447311	-14.11642	-331.43692	92.245415	92.20337	0.0038764924	0.0001548654	0.00025497982	0.010932809	1.0113329	4.233004	4.218009	0.3607929	4.707602	1.0110779	441.0878	108.639786	0.065865375	3.1388214	23.07765	-0.9998453	0.3018458	159.25479	1736.3401246070862
12	1618.791	611.20087	2530.4922	32.699326	1432396.0	913769.3	2541858.2	14010.0	8.025764	1.7699385	11.739498	3.1033087	5.3922567	2.619333	8.095221	0.0	288.0	288.0	0.0	0.0	21362.201	0.05477487479967949	360001.0	443.55673	183.5866	842.8198	-19.422039	443.55338	183.59468	842.8556	-20.840914	4.2604613	0.23968142	5.6438055	3.1911604	0.35854313	0.1239475	0.9662214	0.22553672	1.0002694	1.0189941	7.4312572	-14.029147	-332.55862	91.61009	91.566925	0.0038507003	0.00016459898	-0.00017123253	0.015921831	1.016311	4.227826	4.2127633	0.35813916	4.699688	1.0164822	442.78574	109.2106	-0.054700967	3.145763	23.238842	-1.0002693	0.30007172	158.43254	1894.7840859889984
13	1619.7908	520.6095	2595.7178	39.06497	1756141.0	411104.97	2354564.8	1216820.6	7.911512	1.5356654	12.590187	1.7953615	5.60271	0.80069876	7.4206476	4.3934274	288.0	288.0	0.0	0.0	22186.498	0.05282499534970238	390001.0	443.5649	182.60481	838.5562	-16.849768	443.5616	182.61392	833.30194	-18.831848	4.219703	0.22080086	5.5804305	3.09988	0.3402214	0.12056164	0.9492742	0.17005432	0.9998578	1.0179257	9.172407	-12.448335	-334.61743	91.312386	91.21277	0.0036521752	0.00015574842	0.00024962047	-0.008289738	0.9921164	4.188888	4.1732903	0.3396119	4.6480503	0.99186677	442.79474	107.185455	0.08713038	3.1379313	23.059578	-0.9998573	0.3302524	157.58499	2052.4103162288666
14	1687.942	543.12726	2536.0837	45.57977	1546184.2	818709.2	2324921.0	8130.0	8.167336	1.6354543	12.873545	2.4097838	5.390684	2.8883939	8.596211	0.0	288.0	288.0	0.0	0.0	23037.334	0.05119407552083333	420001.0	448.77917	180.32698	835.8114	-16.215105	448.7763	180.33481	829.4986	-16.627254	4.2329593	0.20662911	5.523037	3.1540842	0.3263727	0.10320466	0.8034504	0.18236588	1.0000778	1.0216006	8.267891	-13.924171	-347.11334	91.159706	91.0237	0.0035623698	0.00014437668	3.9770635e-05	-0.03492376	0.96603763	4.204887	4.189578	0.32575494	4.655583	0.96599793	448.03806	99.95874	0.07680321	3.0665295	21.471203	-1.0000774	0.29304576	154.17636	2206.539203643799
15	1601.1008	623.3022	2585.507	21.987492	1612859.4	720132.25	2222266.5	4680.0	7.999426	1.9063439	14.429941	1.5192657	4.2601213	1.8635445	7.5074253	0.0	288.0	288.0	0.0	0.0	23872.445	0.049734261067708334	450001.0	449.84747	180.22807	823.37775	-14.118407	449.8453	180.23425	820.5963	-15.97363	4.254147	0.20938797	5.544883	3.0932603	0.33339852	0.10165307	0.81630045	0.20081557	1.0001001	1.0172586	7.80986	-13.258653	-348.6836	89.93972	89.84157	0.0035616984	0.00014287785	1.46178645e-05	-0.029838305	0.9709244	4.2283564	4.2133937	0.33284858	4.684279	0.9709098	449.1446	99.490105	-0.0067200307	3.0558164	21.23916	-1.0000994	0.29863167	153.57529	2360.0458314418793
16	1618.5532	506.36584	2547.5002	66.164986	1238515.4	795207.3	2250227.5	0.0	8.270563	1.6471028	12.439987	3.9667373	4.948549	2.841341	8.323827	0.0	288.0	288.0	0.0	0.0	24733.99	0.04849802006740196	480001.0	450.7295	179.13235	826.742	-21.172012	450.72653	179.14055	819.9871	-19.838703	4.259298	0.20085686	5.4890904	3.2997603	0.32690018	0.09602395	0.8056287	0.19660528	1.000143	1.0169919	7.6722465	-12.820263	-351.85248	89.10182	88.99196	0.0034644827	0.00013687983	-2.4602827e-05	-0.041831274	0.9593965	4.2353773	4.2205377	0.32639357	4.687054	0.95942104	450.06107	97.24913	0.024255905	3.0324495	20.748493	-1.0001432	0.30978084	159.47794	2519.6209831237793
17	1535.7678	687.5339	2568.9958	38.232807	1750959.8	399929.97	2344116.2	1152090.9	8.267599	2.2658117	14.341392	1.4788746	6.614586	1.8406489	11.604477	4.01318	288.0	288.0	0.0	0.0	25593.635	0.047395619936342594	510001.0	452.38452	180.02698	835.0826	-18.252285	452.3817	180.03468	827.8341	-20.332733	4.279331	0.20036444	5.530858	3.393434	0.32033095	0.09742647	0.80616707	0.1798499	0.9999244	1.0221044	8.442456	-12.863173	-356.00128	89.21756	89.11162	0.0034531057	0.00013957835	0.00019006153	-0.067840196	0.93475604	4.2574415	4.2429256	0.3198996	4.70423	0.934566	451.75684	94.821	0.014237118	3.0034964	20.156567	-0.99992436	0.30636	160.09845	2679.589828014374
18	1571.0371	591.2984	2567.1736	31.35495	1447255.8	586090.06	2112289.5	8190.0	8.474126	1.8473164	12.6429205	2.1759162	5.361333	2.7445908	11.7713	0.0	288.0	288.0	0.0	0.0	26476.094	0.04644928728070175	540001.0	454.0834	179.64267	828.0744	-15.878038	454.08078	179.64964	816.90533	-17.25699	4.2950144	0.2040383	5.626882	3.383488	0.32183233	0.09745008	0.75464463	0.18092896	0.9998101	1.0215615	8.307833	-13.084501	-357.9152	88.57024	88.49169	0.0034500132	0.00013979104	0.00029508822	-0.062692404	0.9395655	4.2747207	4.260438	0.32145134	4.7226048	0.93927044	453.47614	94.62167	-0.01566387	2.9974947	20.035728	-0.9998103	0.29438305	159.56862	2839.26114320755
19	1575.1443	634.00494	2553.3682	35.75479	1851085.6	528878.3	2632767.2	1201289.9	8.166856	1.7932019	12.204395	2.5137517	5.1597714	1.7256038	8.9145565	2.9279015	288.0	288.0	0.0	0.0	27326.533	0.045544222005208336	570001.0	453.38153	180.85295	828.46277	-14.294453	453.37814	180.86186	820.7895	-15.66701	4.283475	0.2039217	5.578282	3.2985349	0.31661126	0.098636866	1.135675	0.18161876	0.9999165	1.0254638	9.300213	-12.989859	-356.78934	88.67731	88.561005	0.0034126672	0.00014428615	0.00018407349	-0.077755906	0.9255316	4.2638516	4.2494082	0.31619954	4.7078915	0.9253475	452.78055	95.065834	0.018196115	3.0053062	20.192875	-0.9999169	0.2978568	159.39949	2998.64422082901
20	1570.3795	592.08234	2494.7131	54.86295	1668224.1	487660.44	2490541.0	720536.8	8.647091	2.0215907	14.109026	2.3303764	6.5014296	1.8925292	9.853332	4.410691	288.0	288.0	0.0	0.0	28226.156	0.04480342261904762	600001.0	453.83444	180.7536	835.7564	-18.97908	453.83118	180.7621	830.4009	-19.191076	4.2951703	0.21203907	5.704168	3.2183628	0.32063943	0.10570155	0.81149936	0.18918307	1.000202	1.0189226	9.68012	-10.577919	-355.24612	88.63286	88.50441	0.0034449855	0.00014741368	-6.5482986e-05	-0.07725172	0.92618906	4.276522	4.2622347	0.32026225	4.7229104	0.9262546	453.2493	97.07694	-0.08628706	3.0228622	20.55587	-1.0002021	0.30207896	158.45374	3156.972147464752
21	1721.2413	530.2095	2524.382	47.759373	1733673.8	530353.9	2697089.2	967809.3	8.595763	1.7347901	13.719349	2.7130904	6.0657206	1.1787301	8.282949	4.3857093	288.0	288.0	0.0	0.0	29123.336	0.0441262665719697	630001.0	453.41934	180.46034	830.6516	-17.64786	453.41653	180.46907	827.76447	-17.132597	4.285022	0.20304842	5.6091437	3.2203493	0.31181893	0.095023185	0.7516739	0.1865228	1.0001047	1.0194173	7.6778655	-11.743302	-356.1306	88.965485	88.81289	0.003345383	0.00013829258	2.7947568e-05	-0.077896096	0.92549837	4.2677803	4.2533865	0.3114897	4.7086368	0.9254705	452.82614	95.77011	0.058419358	3.012449	20.341179	-1.0001043	0.3243351	145.48053	3302.5374660491943
22	1614.9108	605.1416	2590.9268	34.74859	1713293.8	585794.8	2568635.0	648746.94	8.740418	1.7398713	12.439665	2.647368	5.5825806	1.5028481	8.347779	3.76121	288.0	288.0	0.0	0.0	30032.95	0.043526013360507244	660001.0	455.5343	180.09035	836.00995	-13.98409	455.53152	180.09691	831.71344	-14.13148	4.301843	0.19735602	5.628111	3.1907725	0.31225473	0.09298685	0.71115595	0.1911784	1.0000963	1.0249674	8.246332	-11.144312	-358.865	89.08363	88.931	0.0033224297	0.00013619293	2.682314e-05	-0.08086511	0.9228242	4.2855353	4.271412	0.31193995	4.72691	0.9227974	454.94965	95.16183	0.028902018	3.0021675	20.131762	-1.0000958	0.3268118	150.64484	3453.2729964256287
23	1523.3583	655.8837	2609.776	32.662933	1796047.8	733621.2	2477399.8	277426.84	8.359118	2.145508	13.426245	1.6331685	7.1185274	1.868773	8.598267	2.523173	288.0	288.0	0.0	0.0	30902.584	0.04292025553385417	690001.0	454.39886	180.90106	837.88184	-12.910714	454.3961	180.9105	831.30426	-13.417319	4.3151917	0.20219204	5.6555095	3.1668859	0.3154247	0.09593577	0.7353403	0.1936833	1.0002351	1.0191836	6.7671185	-12.264694	-357.23434	89.7505	89.564476	0.0033740466	0.0001441006	-8.399269e-05	-0.067523874	0.93517905	4.299576	4.2856317	0.31512085	4.743021	0.93526304	453.81235	95.642715	-0.040795393	3.0039043	20.165064	-1.0002348	0.3111167	155.02455	3608.2587990760803
24	1640.3417	660.30585	2572.3826	43.950817	1438832.0	624313.9	2582806.8	582690.2	8.079563	2.2849028	13.262565	2.1594183	4.9433737	1.561167	8.065395	2.6241908	288.0	288.0	0.0	0.0	31745.486	0.042327315104166666	720001.0	451.84103	181.90938	837.5123	-12.701968	451.83865	181.91669	829.06616	-14.651575	4.276683	0.20052242	5.5864587	3.1752079	0.31021732	0.099108145	0.7405204	0.18750261	0.9997741	1.017868	7.1251917	-11.99256	-353.58554	90.62138	90.419266	0.003298243	0.00014457338	0.0003551499	-0.060230542	0.9420555	4.260827	4.246339	0.30987817	4.700189	0.9417004	451.24033	96.71312	0.018003425	3.0240564	20.576248	-0.9997744	0.31990933	153.55208	3761.822939157486
25	1593.4246	588.35785	2594.3906	19.800598	1515631.2	729873.94	2650848.8	0.0	8.252657	1.8794045	13.155186	0.45825028	5.4714975	2.2456462	8.375241	0.0	288.0	288.0	0.0	0.0	32605.102	0.04180141225961539	750001.0	453.42297	182.4748	837.5835	-13.200039	453.42197	182.47862	826.3675	-13.9293	4.289729	0.20141427	5.7195873	3.1326385	0.3076661	0.099358305	0.75368196	0.19099028	1.0001566	1.0186834	6.86065	-13.0683365	-356.82904	90.91439	90.699776	0.003255994	0.00014351605	-4.894972e-06	-0.07246094	0.93047893	4.274891	4.260599	0.3073617	4.71237	0.9304838	452.85275	95.093216	0.027908633	3.0045798	20.179522	-1.0001563	0.3155043	156.06865	3917.7571408748627
26	1675.625	540.154	2511.9443	67.31796	1646126.5	673886.9	2495591.8	0.0	8.631217	1.688767	14.03222	4.402979	5.14799	2.4063342	7.622198	0.0	288.0	288.0	0.0	0.0	33503.246	0.04136203221450617	780001.0	455.22858	182.72183	836.0599	-12.734442	455.22647	182.72784	825.9873	-14.723314	4.2914243	0.2006004	5.65567	3.3031504	0.3089371	0.10297704	0.77572024	0.18552601	1.0001521	1.0284677	4.954421	-11.695103	-359.8809	90.96282	90.768684	0.0033028189	0.00014686478	6.7537467e-06	-0.09111314	0.91350085	4.2770734	4.26282	0.30864266	4.715126	0.91349417	454.66574	93.871284	-0.07170422	2.9909294	19.909143	-1.0001522	0.3211987	156.73494	4074.486773252487
27	1655.1052	548.66016	2532.6995	45.788754	1808957.4	764951.2	2636192.5	0.0	8.144475	2.0329862	13.166386	3.5944278	6.2232456	2.396153	9.521466	0.0	288.0	288.0	0.0	0.0	34353.09	0.04089653552827381	810001.0	455.08926	181.7005	836.7543	-14.530974	455.08746	181.70624	825.9969	-16.783667	4.261797	0.19441463	5.6006293	3.2173204	0.30533743	0.0970808	0.74803126	0.18075812	0.9999289	1.030837	6.1129913	-13.543624	-359.71545	90.808235	90.60474	0.003260505	0.00014257137	0.00019103543	-0.08875067	0.91549486	4.2475786	4.2329106	0.30501583	4.6834116	0.9153038	454.53806	93.907265	0.07938867	2.9980152	20.052961	-0.99992937	0.32358432	154.99832	4229.612739086151
28	1496.686	626.3056	2570.3213	31.86094	1442994.0	867796.94	2451086.2	188516.06	8.422699	2.0642626	13.236319	2.4775348	6.1421194	2.4930382	10.21085	2.5666919	288.0	288.0	0.0	0.0	35233.355	0.0404981097341954	840001.0	456.18536	181.88503	838.8371	-11.642117	456.18393	181.89085	827.2232	-12.975349	4.3186865	0.19574566	5.6204104	3.1440241	0.3113359	0.093666166	0.71993923	0.18931894	1.0000644	1.022746	5.4899435	-11.581132	-362.4345	90.88206	90.6852	0.0032762883	0.00013934735	7.802681e-05	-0.09064168	0.9138662	4.3062243	4.2923856	0.3110916	4.746846	0.91378826	455.68488	92.33662	-0.008336749	2.9679432	19.452297	-1.0000645	0.32000303	154.91559	4384.545162677765
29	1526.7902	677.25793	2534.5881	35.532032	1246791.4	607146.8	2111605.0	245333.52	7.963504	2.0359216	12.771012	1.9950278	4.271331	1.599635	7.2746925	1.3186643	288.0	288.0	0.0	0.0	36060.895	0.040067660590277776	870001.0	454.9737	181.86995	837.3375	-12.7777815	454.97205	181.87515	830.1584	-14.139243	4.297145	0.19926032	5.6136637	3.0260615	0.31033227	0.09820213	0.72490937	0.18446898	1.0001025	1.0327088	6.610519	-12.243275	-358.77902	90.481995	90.305336	0.0033114024	0.00014718356	3.944323e-05	-0.09628973	0.9086549	4.283894	4.2697377	0.31002438	4.723345	0.90861547	454.45868	94.771034	-0.054916397	2.998885	20.065641	-1.0001024	0.30482817	159.74883	4544.27769112587
30	1444.5723	627.3828	2509.0947	29.33511	1246419.0	758979.75	2513849.5	0.0	7.9095755	1.8553338	14.079488	2.0587296	5.2582426	2.997542	8.982322	0.0	288.0	288.0	0.0	0.0	36883.027	0.03965916918682796	900001.0	451.2349	182.31717	835.4061	-11.820977	451.2335	182.32195	829.5237	-12.117055	4.242359	0.19704789	5.6063886	3.3228936	0.30764967	0.09960877	0.72719926	0.18327618	0.9999362	1.0280087	5.125722	-10.6446705	-354.62003	90.496864	90.30403	0.003263593	0.00014811684	0.0001732452	-0.10025093	0.9051067	4.2288632	4.2139115	0.3073042	4.6661587	0.9049335	450.71887	95.19388	0.058322273	3.0154545	20.400845	-0.9999361	0.30099535	159.8728	4704.14341378212
31	1649.3365	583.84314	2528.9478	27.286018	1805396.0	453424.22	2451001.5	921698.5	8.20859	2.0543857	13.748075	0.6832044	4.4867244	1.1126686	6.3104434	2.898138	288.0	288.0	0.0	0.0	37738.836	0.039311287434895835	930001.0	453.85342	183.61617	840.61755	-11.424581	453.85324	183.61852	831.96814	-13.379765	4.286858	0.196956	5.5840435	3.3674343	0.30771285	0.096347414	0.6894473	0.18408318	1.0000231	1.022386	6.451305	-11.91145	-359.95007	92.01293	91.836075	0.0032534674	0.00014405554	0.000106194544	-0.10898477	0.8972702	4.274835	4.26055	0.30744568	4.71253	0.89716405	453.3529	92.50567	0.01440754	2.9770312	19.629602	-1.000023	0.29759407	158.96321	4863.112206935883
32	1635.1135	669.7235	2554.902	26.897688	1625523.0	627281.25	2653139.0	562704.56	8.279121	2.0120802	12.818303	1.0728539	5.9537287	1.2532561	9.318178	4.6098695	288.0	288.0	0.0	0.0	38601.48	0.038991394412878785	960001.0	455.05228	183.83296	834.04083	-12.571764	455.05124	183.83543	826.8988	-14.005186	4.3114843	0.19948123	5.61395	3.37724	0.31002322	0.09458561	0.7151709	0.19261572	1.0001187	1.024211	6.691004	-14.189529	-363.71338	91.98167	91.79396	0.0032868637	0.00014459969	2.9983552e-05	-0.09543304	0.9095752	4.300734	4.2868037	0.30981487	4.7403383	0.9095452	454.5795	89.95655	-0.010165072	2.9431767	18.977615	-1.0001183	0.29796124	159.09322	5022.1733458042145
33	1490.4044	652.25543	2521.7246	29.135605	1553056.1	825571.6	2596083.0	45775.812	8.113975	2.1273158	12.938102	0.7502105	4.5498238	1.608393	7.115776	1.4228883	288.0	288.0	0.0	0.0	39447.73	0.03867424555759804	990001.0	455.76358	184.5759	841.266	-14.508203	455.76276	184.57881	834.6459	-14.803339	4.302451	0.19543274	5.5677166	3.3428407	0.3113266	0.097282134	0.6949549	0.1904387	1.0004765	1.0174514	5.489434	-12.436522	-362.88968	91.70078	91.50559	0.0032511142	0.00014194807	-0.00030696488	-0.09421847	0.9105544	4.291583	4.2775393	0.31109875	4.7318983	0.91086143	455.29138	91.49084	-0.013737369	2.9618673	19.334795	-1.0004764	0.29904008	159.45166	5181.540198564529
34	1537.1451	676.89136	2466.3567	35.207386	1635595.0	748764.9	2605586.0	0.0	8.010627	2.1630929	13.265833	2.823994	6.0257807	2.4856408	10.321405	0.0	288.0	288.0	0.0	0.0	40281.145	0.03836299479166667	1020001.0	454.1255	184.40074	836.5039	-12.553717	454.12473	184.4046	826.1562	-13.27737	4.29297	0.19387726	5.543559	3.3438292	0.30461925	0.09098588	0.68025386	0.191693	0.9998551	1.0175201	4.650392	-14.201576	-361.15848	90.400055	90.20471	0.0031744074	0.00013601492	0.00027596887	-0.107605174	0.89856195	4.2835464	4.269386	0.30439487	4.7194686	0.8982859	453.6588	91.60204	0.081921555	2.9655464	19.409672	-0.9998546	0.29072595	152.46773	5334.0087077617645
35	1539.8274	601.1457	2448.988	32.687603	2011880.8	478271.22	2679101.8	1278914.1	8.109613	2.1815639	13.544028	1.7791983	6.0526457	1.3031774	7.6956806	3.6823707	288.0	288.0	0.0	0.0	41125.547	0.038079210069444445	1050001.0	454.18405	184.58685	843.0795	-14.273753	454.18213	184.59354	831.35474	-15.158787	4.330131	0.2098754	5.493802	3.3427432	0.31250837	0.094911486	0.7224433	0.19274418	0.99990183	1.0263025	10.6745825	-11.109155	-363.62906	89.441025	89.24612	0.0032871063	0.00014336564	0.0002109735	-0.13961604	0.87046766	4.3250003	4.3113604	0.3123472	4.766495	0.8702567	453.7361	89.23682	-0.017242726	2.9296901	18.723146	-0.9999013	0.293478	151.3122	5485.344915390015
36	1633.6025	623.5754	2562.9556	30.54758	1479640.5	977085.25	2544861.2	0.0	8.196078	2.0367177	14.052973	0.6289542	6.090453	3.4227848	10.057351	0.0	288.0	288.0	0.0	0.0	41978.695	0.037818644425675674	1080001.0	453.876	185.0492	838.30566	-13.681765	453.87436	185.05467	828.8068	-13.463125	4.2790184	0.19627964	5.4531426	3.358962	0.31595233	0.095328264	0.72348326	0.19397052	1.0001618	1.0343785	7.809573	-13.575372	-366.33392	90.26891	90.07507	0.0032921028	0.00014637498	-1.7029048e-05	-0.15921892	0.85346884	4.2758656	4.26158	0.31580567	4.719773	0.8534859	453.45172	86.26432	0.053951364	2.905485	18.278658	-1.0001612	0.33018565	151.12859	5636.491548061371
37	1601.1128	664.49274	2598.691	21.966452	1654955.8	785214.75	2575368.0	0.0	8.733695	2.166496	13.605621	2.3891804	6.270079	2.7920926	9.587645	0.0	288.0	288.0	0.0	0.0	42888.58	0.03762155975877193	1110001.0	457.65958	188.39055	844.6913	-13.830536	457.6589	188.39436	835.7328	-13.652372	4.3345222	0.1953015	5.460083	3.374929	0.31638432	0.086123794	0.68218076	0.19770786	0.9998673	1.036159	6.748585	-12.911693	-372.5508	92.849945	92.66832	0.003218691	0.00013434433	0.0002345305	-0.17970113	0.83621705	4.3342457	4.320763	0.3163299	4.7792935	0.83598244	457.27887	83.89206	0.0467397	2.8650753	17.554502	-0.99986756	0.32625508	146.87402	5783.422134876251
38	1687.6072	617.2718	2597.9246	72.67038	1781331.8	528136.56	2386540.8	937766.56	8.806638	1.8811452	13.819404	4.9238896	6.8893166	1.5197743	9.15041	4.2158012	288.0	288.0	0.0	0.0	43807.254	0.037442097355769234	1140001.0	461.00986	189.74402	849.343	-10.936975	461.00943	189.74667	844.4052	-11.273993	4.386927	0.20596816	5.5545945	3.4694579	0.32208672	0.085190855	0.6804843	0.20758548	1.0001091	1.0279646	6.4197364	-13.816064	-375.06577	93.334564	93.166466	0.003246574	0.0001332203	3.1025305e-05	-0.16601855	0.8478721	4.388273	4.3754683	0.32213458	4.837618	0.847841	460.65494	84.74131	-0.0775853	2.8628752	17.519634	-1.0001097	0.33159566	146.9825	5930.323278665543
39	1613.4612	562.4433	2553.7698	30.57003	1562463.9	722811.1	2346767.5	0.0	8.63323	1.7987487	12.763264	2.0287178	5.244237	1.8778626	7.0431914	0.0	288.0	288.0	0.0	0.0	44705.125	0.03725427083333333	1170001.0	460.2428	189.06879	845.9498	-12.209584	460.2417	189.07281	840.7701	-11.404588	4.352155	0.19531265	5.4916387	3.3600998	0.31490964	0.0866626	0.6635945	0.20492226	1.0000823	1.021917	5.099552	-12.781788	-372.60074	93.586365	93.43299	0.0031521812	0.00013182405	6.29306e-05	-0.15070345	0.86087525	4.353188	4.339958	0.31493655	4.7972307	0.8608123	459.86926	86.407715	0.011817063	2.8909338	18.01127	-1.0000824	0.3291862	146.12263	6076.4751715660095
40	1678.3007	582.799	2562.7932	27.24765	1341176.4	784933.56	2622252.0	15564.12	8.767682	2.0244048	12.914346	0.9281953	5.4112573	2.9233031	8.798607	0.070417404	288.0	288.0	0.0	0.0	45617.227	0.03708717606707317	1200001.0	461.08008	187.89474	848.90845	-13.035206	461.07925	187.89827	841.1135	-11.615082	4.3331428	0.19568026	5.5313077	3.3405945	0.31932876	0.09209235	0.70861304	0.20356047	1.0002319	1.0386256	7.0376434	-11.499462	-375.34317	93.15473	93.0054	0.0032601024	0.0001385405	-6.718203e-05	-0.16966012	0.84465104	4.3344016	4.320921	0.31935292	4.7812276	0.84471816	460.71698	84.52912	-0.03344042	2.8721786	17.67946	-1.0002314	0.33549428	146.32265	6222.781648159027
41	1609.1896	602.5005	2549.8806	38.961838	1386295.2	599386.2	2260209.5	625547.94	8.03154	1.8055105	12.280225	2.9007702	8.699779	2.0839562	12.340022	6.3555017	288.0	288.0	0.0	0.0	46458.58	0.036871887400793654	1230001.0	460.4678	187.07263	841.892	-11.329682	460.46643	187.07683	848.6912	-12.510139	4.288488	0.19217137	5.4245477	3.3757977	0.31240183	0.08936824	0.68310845	0.19926646	1.000185	1.038425	6.646771	-13.79609	-374.7895	91.9233	91.792305	0.0031804433	0.00013756006	-2.4768988e-05	-0.18168356	0.8345437	4.288417	4.2743106	0.31234333	4.7303467	0.83456844	460.07187	84.44775	0.06439934	2.881711	17.851688	-1.0001844	0.27964282	150.27518	6373.035509347916
42	1637.9835	584.0333	2552.4377	41.80656	1419891.1	667142.44	2318372.5	0.0	8.8969555	2.1549108	14.003916	1.8067348	4.9719496	2.3085396	8.5389805	0.0	288.0	288.0	0.0	0.0	47382.047	0.03673026889534884	1260001.0	463.70053	187.30731	846.55493	-12.521643	463.70035	187.30896	844.32	-13.646382	4.345314	0.19080931	5.5773273	3.3844204	0.3211235	0.08732923	0.6794182	0.20539199	1.0001498	1.0317847	7.118311	-11.694704	-380.7196	92.60799	92.4574	0.0032200164	0.00013311967	-4.3892064e-06	-0.18058145	0.83535635	4.346877	4.333579	0.3211687	4.795316	0.8353608	463.34088	81.78585	-0.021741237	2.8363378	17.054724	-1.0001498	0.3026712	151.12057	6524.1660668849945
43	1576.882	592.62714	2561.544	59.464504	1243922.0	666008.9	2230183.8	4440.0	8.334452	1.8107041	12.245758	2.4780395	5.2401094	2.3032248	8.782023	0.0	288.0	288.0	0.0	0.0	48250.273	0.036553237452651516	1290001.0	462.3157	186.30809	838.07983	-9.553788	462.3148	186.31244	832.8561	-10.1184	4.330172	0.18545277	5.5708284	3.38759	0.31216532	0.088498265	0.67071235	0.19518514	1.0002487	1.0245403	8.519417	-11.332541	-375.5764	91.436485	91.25906	0.0031140253	0.00013031506	-8.5266336e-05	-0.17012444	0.8441411	4.3306613	4.3171606	0.3121606	4.7725	0.8442264	461.94788	85.52725	-0.040625293	2.8859093	17.923435	-1.0002482	0.29361343	151.06274	6675.214060783386
44	1554.9679	665.2342	2577.1091	29.120945	1759760.6	471720.66	2792328.5	1361661.0	8.403467	2.2369838	12.884729	1.5787219	6.128297	2.4878998	10.6926985	3.6193695	288.0	288.0	0.0	0.0	49124.863	0.03638878761574074	1320001.0	461.2252	185.83005	838.77423	-10.290854	461.22403	185.83406	835.9084	-10.834304	4.3111954	0.18337852	5.4661694	3.4705915	0.30850488	0.08685587	0.69875747	0.19719334	0.9997686	1.0262927	6.5111127	-11.220248	-376.32553	91.731964	91.57315	0.0031391613	0.00013323949	0.0003245997	-0.17770025	0.8378167	4.311862	4.2981095	0.3085183	4.7512026	0.8374921	460.8558	83.692764	0.01831054	2.8687189	17.615723	-0.99976844	0.2792251	151.23624	6826.453460454941
45	1583.653	641.25665	2643.8152	48.955444	1810615.8	340120.84	2222234.5	1299847.5	9.127532	2.0119693	15.534021	2.889753	5.787876	0.8305803	7.425229	4.4154534	288.0	288.0	0.0	0.0	50075.617	0.036286679121376814	1350001.0	462.7206	187.35504	838.84973	-10.478307	462.71982	187.35904	836.09045	-11.569782	4.356408	0.18806517	5.4385695	3.415228	0.3099414	0.073928066	0.6568348	0.20257771	0.999858	1.0279422	4.5441256	-12.509038	-383.17786	92.80862	92.66312	0.0031012367	0.00012225991	0.00022953509	-0.21011303	0.8111595	4.358416	4.345275	0.30999255	4.799771	0.81092995	462.37372	78.38491	0.0789962	2.7926311	16.335129	-0.9998579	0.29411387	151.34546	6977.797125816345
46	1518.8706	620.4932	2530.2893	27.957052	1711633.6	704914.75	2701886.8	480441.4	8.789672	2.0003524	13.13129	1.5510082	5.969753	1.8805157	8.650493	2.8278809	288.0	288.0	0.0	0.0	50993.01	0.03616525653812057	1380001.0	466.74515	187.88123	845.659	-8.267742	466.7444	187.88399	844.4542	-8.324106	4.3914104	0.1866734	5.5257983	3.4500253	0.32193694	0.08479614	0.6906396	0.19512497	1.0002049	1.0381277	5.1887164	-12.295954	-386.39133	92.999664	92.84654	0.0032493607	0.00013011665	-4.5908164e-05	-0.23087159	0.7944661	4.3935175	4.380835	0.3220062	4.8427854	0.79451203	466.41254	79.22672	-0.13111144	2.7941637	16.361357	-1.0002042	0.28898406	151.09024	7128.907028436661
47	1658.5112	568.4789	2562.7732	36.825653	1494556.0	1041705.3	2595030.5	0.0	8.688234	1.817493	11.920289	1.9857405	6.2017946	4.160896	11.820571	0.0	288.0	288.0	0.0	0.0	51891.637	0.03603585883246528	1410001.0	463.92795	188.16087	843.8708	-11.070446	463.9268	188.1647	839.5419	-11.29427	4.33556	0.18105362	5.4715924	3.4276361	0.31173307	0.082152836	0.61469585	0.18576485	1.0000439	1.0380076	7.8413544	-11.671019	-380.52554	92.86706	92.73172	0.0031351196	0.00013008417	8.641941e-05	-0.2004043	0.8192672	4.335873	4.3224554	0.31171066	4.777833	0.8191807	463.5737	82.229	0.009683154	2.845441	17.21019	-1.0000446	0.3015175	150.27837	7279.166868448257
48	1567.6265	661.3741	2580.989	21.144958	1771116.2	669588.4	2700702.2	599645.4	8.940281	2.5141323	14.8398485	0.8137131	5.873373	1.0826868	7.9359646	4.319997	288.0	288.0	0.0	0.0	52828.484	0.035937744472789114	1440001.0	464.61285	189.26714	841.4423	-10.489052	464.61273	189.2694	843.1491	-11.380489	4.346052	0.18826567	5.5197787	3.5019917	0.3155099	0.08109027	0.6272442	0.18841079	0.9998809	1.037656	5.132885	-14.278309	-384.2263	93.41763	93.28965	0.0032081625	0.00013085308	0.0002067233	-0.23338242	0.7924839	4.347568	4.3342786	0.31555218	4.7923737	0.79227716	464.27652	79.25794	0.007654967	2.8056312	16.538204	-0.9998814	0.3053534	151.01073	7430.177364587784
49	1646.9551	529.8074	2509.574	34.373024	2030709.8	467468.44	2322426.0	786624.0	8.719633	1.8753879	12.9328165	2.9098473	7.4856696	1.3384469	10.050826	5.7392306	288.0	288.0	0.0	0.0	53736.965	0.03582464322916667	1470001.0	463.9967	188.3226	845.42914	-10.623852	463.99564	188.3261	841.6267	-12.360261	4.3231444	0.17920174	5.4682508	3.3996024	0.31278443	0.08550308	0.6600477	0.17455325	1.0003532	1.023798	6.317794	-10.431894	-382.93802	92.86549	92.73237	0.0031507155	0.00013349018	-0.00015692247	-0.20734987	0.813356	4.323402	4.309825	0.31276834	4.7658806	0.81351286	463.63635	79.88478	0.019652123	2.8189187	16.761793	-1.0003524	0.27886033	150.82297	7580.986090898514
50	1636.5173	621.9148	2575.694	37.043777	1559497.8	469425.28	2277648.0	526141.3	9.210778	2.3123608	14.709707	1.4153129	7.8650675	1.83323	10.583461	3.9909613	288.0	288.0	0.0	0.0	54695.9	0.03574895322712418	1500001.0	464.68524	188.66994	840.6084	-8.576515	464.68463	188.67342	838.60175	-8.44314	4.3765616	0.1896406	5.4107203	3.5724583	0.31756318	0.0792945	0.62918764	0.19022888	1.0000217	1.0264636	5.466916	-14.133141	-385.26352	93.197174	93.089134	0.0032262884	0.00013615072	9.515918e-05	-0.22420076	0.7996209	4.378564	4.3656783	0.31764296	4.8250184	0.79952574	464.3486	78.28553	-0.017927	2.7864726	16.22486	-1.0000223	0.30693674	154.23264	7735.252270698547
51	1636.506	640.3625	2646.0552	44.611126	2111908.5	243145.05	2483360.0	1547884.8	8.671538	2.0813808	13.251497	1.8077313	6.2930217	0.89905196	7.9524274	5.0161977	288.0	288.0	0.0	0.0	55600.055	0.03564106069711538	1530001.0	464.1671	188.29955	841.3321	-7.76598	464.1664	188.3021	834.4646	-8.122795	4.3377266	0.18011463	5.422361	3.584197	0.31518337	0.0851918	0.63804966	0.17709832	1.000157	1.0316267	8.622009	-13.360249	-381.87714	93.40723	93.302124	0.0031948402	0.0001345833	4.1008316e-06	-0.20943624	0.8114694	4.33832	4.3249397	0.31518605	4.782553	0.81146526	463.81442	81.12585	-0.02960651	2.8310163	16.963066	-1.0001569	0.31683087	155.46379	7890.725419521332
52	1644.6067	607.08716	2558.9639	23.347212	1741326.8	685387.6	2670300.0	511050.7	9.18386	2.0882485	14.05692	1.3403008	4.8278656	1.1988916	6.7536387	2.278537	288.0	288.0	0.0	0.0	56555.33	0.035569388757861635	1560001.0	465.48245	187.8306	841.59094	-12.687067	465.48227	187.83345	843.2304	-12.567829	4.350376	0.19369425	5.6601477	3.4586093	0.31561214	0.08655397	0.7098534	0.17934832	0.99995303	1.0304503	6.587799	-11.084139	-382.2852	92.84261	92.725105	0.0031968397	0.00013236445	0.0001864308	-0.2136863	0.8082643	4.3513603	4.3381157	0.31564254	4.795891	0.8080779	465.13052	82.037285	-0.052004747	2.8392587	17.105743	-0.99995303	0.29459476	150.99751	8041.6961805820465
53	1497.7374	611.5611	2598.737	34.53928	1795552.8	571247.06	2564161.8	492188.78	8.261292	2.1452305	13.589213	3.2381716	8.269144	2.4902563	11.706256	3.5124469	288.0	288.0	0.0	0.0	57417.17	0.03544269868827161	1590001.0	465.1444	187.98012	844.1319	-13.165348	465.14334	187.98364	839.31714	-12.438164	4.3256783	0.18769604	5.6388903	3.5218384	0.3152708	0.09003536	0.6982239	0.17171386	1.000109	1.0373933	6.3820586	-11.643492	-378.9195	93.01363	92.90649	0.0031829504	0.00013730065	6.106016e-05	-0.21641123	0.80608743	4.325217	4.3116364	0.31520835	4.769158	0.8060263	464.77234	85.04684	-0.012311776	2.880899	17.832247	-1.0001097	0.30633712	155.19165	8196.966579675674
54	1583.5636	650.286	2520.5613	15.119049	1809360.0	540364.44	2412751.5	817268.2	8.588762	2.023731	12.587508	0.69268614	7.365077	1.5947115	10.127881	4.76004	288.0	288.0	0.0	0.0	58311.203	0.035340123106060606	1620001.0	464.85947	189.11281	847.1349	-12.734553	464.85858	189.11597	841.9443	-12.759028	4.31967	0.18125966	5.580276	3.4993806	0.31538606	0.08631468	0.6794361	0.17927435	1.0001079	1.0365504	4.6611276	-12.798666	-383.20676	93.86463	93.75263	0.0032199982	0.0001363382	5.840756e-05	-0.22821322	0.7966622	4.3199844	4.3063536	0.3153779	4.7643228	0.7966038	464.49792	80.49457	-0.00099101	2.82694	16.895643	-1.0001074	0.30343986	158.26945	8355.25276017189
55	1523.5471	721.6675	2448.4949	34.856995	1924807.4	765173.0	2679521.0	96161.36	8.243561	2.1501632	14.171668	0.83062863	7.321644	2.2777483	9.5754795	1.4522446	288.0	288.0	0.0	0.0	59169.426	0.0352198962983631	1650001.0	463.535	189.8295	840.71265	-9.996805	463.53445	189.83253	843.73145	-9.679006	4.3063054	0.19494718	5.6343565	3.50001	0.3211139	0.09344029	0.7179847	0.17837091	1.0003082	1.0484916	5.922211	-12.22524	-380.98907	93.51587	93.38915	0.0033065798	0.00014397841	-0.00011367995	-0.22814861	0.79678947	4.305978	4.2921185	0.32106787	4.7538953	0.79690313	463.16483	81.378914	-0.021804893	2.8400757	17.118635	-1.0003082	0.2918024	158.41946	8513.682109594345
56	1648.7872	572.3718	2558.5225	48.57481	2104659.8	372160.25	2553225.2	1288551.4	8.290033	1.7477976	11.914266	3.0836644	8.095305	1.1064231	9.567667	6.0766697	288.0	288.0	0.0	0.0	60034.15	0.035107689144736845	1680001.0	462.11877	189.87384	842.0021	-15.624178	462.1182	189.87668	844.1937	-15.065359	4.2763352	0.19269505	5.586862	3.4718583	0.31908566	0.09517968	0.741886	0.18177655	0.9996663	1.0429528	6.266166	-11.377675	-377.18854	93.4814	93.37504	0.003237419	0.00014159978	0.00039896579	-0.2142357	0.80814505	4.2754593	4.261171	0.31900638	4.721761	0.8077461	461.72586	83.7296	0.016965011	2.8753695	17.733902	-0.99966604	0.3228569	158.50719	8672.145897865295
57	1659.304	647.96655	2599.8308	48.602337	1236194.0	993571.2	2795808.8	0.0	8.895729	2.112179	14.051177	2.1347437	6.01489	4.3318324	12.821276	0.0	288.0	288.0	0.0	0.0	60961.86	0.035035551364942526	1710001.0	463.97656	190.3718	841.5846	-11.170594	463.976	190.37387	837.0705	-10.905804	4.3449736	0.19136079	5.557984	3.487584	0.31683746	0.08237858	0.64420116	0.1852764	1.0004337	1.0334728	4.789137	-12.754246	-381.54382	94.23107	94.125916	0.003199387	0.00013231076	-0.00022837191	-0.20977649	0.8114762	4.345804	4.332494	0.3168601	4.7915077	0.8117046	463.6247	81.26917	0.007221777	2.8309114	16.96106	-1.0004336	0.32985473	159.78018	8831.95736837387
58	1617.7852	562.07465	2528.9841	57.533463	1704182.8	673822.8	2381318.5	0.0	8.360149	1.8874042	16.057104	2.965061	5.328977	2.0702002	8.864229	0.0	288.0	288.0	0.0	0.0	61830.355	0.03493240421963277	1740001.0	462.60556	188.68002	844.4205	-13.00511	462.6044	188.68277	845.08997	-12.802513	4.2852855	0.19149739	5.5874705	3.4565732	0.31813002	0.09652016	0.7219811	0.17430115	1.0001545	1.0475872	6.09069	-13.921816	-377.46365	93.26155	93.16975	0.0032581822	0.00014471528	4.233285e-06	-0.2073006	0.8135505	4.2839265	4.2697725	0.31803852	4.729409	0.8135463	462.20615	83.92889	-0.052955784	2.876109	17.748144	-1.0001544	0.29122972	157.44666	8989.422014713287
59	1589.8417	659.77515	2582.3381	34.498135	1575007.6	743487.44	2656061.2	30060.0	8.625436	2.2150164	13.607385	2.5558186	6.1086993	2.5314608	9.273208	0.0	288.0	288.0	0.0	0.0	62728.24	0.03484902126736111	1770001.0	461.5673	189.17645	841.7737	-12.115865	461.5672	189.17766	840.2481	-12.409649	4.3268056	0.1923242	5.5127916	3.4639618	0.3164802	0.08822341	0.6787669	0.17278852	1.0001876	1.0297941	4.7684827	-13.943394	-376.8668	92.97814	92.876656	0.0031954837	0.00013519099	-4.6765854e-05	-0.18517484	0.8315266	4.3278213	4.3142614	0.3165238	4.7728367	0.83157325	461.2193	83.520935	-0.00035715153	2.8620129	17.498463	-1.0001882	0.313519	159.1294	9148.551783561707
60	1706.4503	570.0166	2582.9556	27.830652	1742652.8	509793.16	2667754.2	1041393.5	8.407807	1.9696269	12.40665	0.47807178	5.4341764	1.2868909	8.250961	3.6504161	288.0	288.0	0.0	0.0	63605.176	0.034756926656420765	1800001.0	461.44043	190.47887	847.2769	-11.904858	461.4402	190.48064	850.06085	-12.848233	4.312877	0.19210783	5.6191278	3.4992228	0.31059676	0.0835603	0.7120599	0.17614895	0.9998207	1.0396913	5.675133	-13.132484	-378.10672	93.699936	93.599434	0.0031292865	0.00013368962	0.0002607952	-0.20522973	0.8151989	4.312356	4.298579	0.3105392	4.7534227	0.8149381	461.06476	82.14307	0.08235328	2.8489394	17.280443	-0.99982136	0.28187037	158.68639	9307.219675064087
61	1643.6604	666.14935	2554.0793	28.534002	1938529.6	490027.38	2754102.0	1303503.4	8.976213	2.2322145	15.065186	1.4898332	6.9370027	1.4381704	10.370825	5.0475655	288.0	288.0	0.0	0.0	64540.77	0.03469933845766129	1830001.0	464.423	191.14296	851.65845	-13.084016	464.42325	191.14435	846.0332	-13.240364	4.377683	0.19810238	5.63266	3.5057487	0.32010588	0.09204211	0.7210552	0.16952112	1.0001003	1.0323384	9.697875	-13.463584	-381.31284	94.78877	94.68539	0.0032578777	0.00013866008	3.4577926e-05	-0.1968513	0.8222089	4.3788347	4.365934	0.32015985	4.826241	0.8221742	464.0717	81.93669	-0.14798045	2.8310614	16.978188	-1.0001	0.32559633	158.93886	9466.130646467209
62	1603.9529	578.7733	2585.5825	60.198215	1668831.4	624961.1	2597443.2	338962.7	8.581648	1.7565371	13.381905	4.150091	5.7240577	1.5576282	8.520886	3.5362356	288.0	288.0	0.0	0.0	65432.656	0.03462045304232804	1860001.0	463.1925	190.4649	839.74695	-12.8463745	463.19217	190.46674	841.2133	-13.295771	4.296139	0.18279362	5.646299	3.4755313	0.30906472	0.09177399	0.7158719	0.16061077	1.0004694	1.0223813	4.8087125	-12.3246765	-374.99002	93.46638	93.36515	0.003106859	0.00013289465	-0.0002681737	-0.17722432	0.8384586	4.295793	4.2818213	0.30904236	4.7350545	0.8387267	462.81946	86.99068	0.02124149	2.9107375	18.371899	-1.0004691	0.31200504	158.49855	9624.664894580841
63	1654.5193	586.2956	2562.9773	29.526772	1571035.9	570181.06	2476979.8	650909.25	8.401716	1.5746931	11.386071	2.1466463	7.252945	1.9075482	11.596921	4.367194	288.0	288.0	0.0	0.0	66308.42	0.034535636393229166	1890001.0	464.91833	190.58833	849.1146	-13.58643	464.91815	190.58937	846.47974	-13.208004	4.3291473	0.18009199	5.564581	3.5019398	0.3031842	0.08423001	0.6930747	0.16651718	0.9996632	1.0306455	5.68489	-12.500367	-380.3977	94.3752	94.286285	0.0031007899	0.00013119231	0.00039085886	-0.18950203	0.82812524	4.329176	4.315669	0.30316576	4.7647386	0.8277344	464.5624	83.33696	0.013727933	2.8615954	17.490335	-0.99966335	0.30676126	158.01926	9782.66377711296
64	1646.2089	574.2865	2551.872	37.872116	1619915.8	595212.4	2411572.0	318224.94	8.497763	1.8699018	14.529842	2.1177197	6.6539903	1.9718806	11.128671	3.2431235	288.0	288.0	0.0	0.0	67194.48	0.03445870592948718	1920001.0	467.10565	190.43596	842.7626	-14.794628	467.106	190.4367	846.9858	-15.06176	4.3351827	0.19230738	5.7626505	3.4417117	0.31170762	0.09162831	0.7648849	0.16541114	1.0004168	1.0341742	7.9727936	-12.311834	-382.36407	94.24125	94.16789	0.0031960553	0.00013644263	-0.00020595809	-0.18104771	0.8352421	4.3355484	4.322097	0.3117059	4.7768445	0.835448	466.75775	83.55824	-0.049855065	2.8616612	17.491856	-1.0004166	0.29756594	160.25867	9942.898075819016
65	1714.6448	554.98016	2559.392	48.867905	1661603.0	680868.25	2500169.8	0.0	8.506591	1.8324915	12.740249	2.5496	5.1775713	2.2697628	8.598126	0.0	288.0	288.0	0.0	0.0	68080.26	0.034383968592171715	1950001.0	466.05307	189.35573	846.06226	-17.373331	466.05286	189.35825	840.1317	-17.565125	4.293953	0.19373327	5.7242537	3.4333928	0.30924848	0.09808667	0.7557736	0.15927856	1.00043	1.0352604	6.796008	-13.503596	-376.2471	92.9762	92.904465	0.003135108	0.00013685702	-0.00025736468	-0.16230308	0.850815	4.2924848	4.278437	0.30915228	4.7313895	0.8510724	465.6723	88.5741	-0.05391635	2.9295905	18.722637	-1.0004295	0.30176282	158.21812	10101.194617986679
66	1555.5399	619.36456	2569.443	58.37313	1780635.8	504657.12	2361986.0	538544.1	7.5658603	1.6642503	11.578007	2.9592652	5.582164	1.4399681	8.596101	3.771168	288.0	288.0	0.0	0.0	68867.95	0.03426266324626866	1980001.0	461.7467	187.30959	835.1407	-15.974903	461.74612	187.3124	830.7195	-15.727061	4.2212744	0.19164383	5.7844043	3.4578128	0.30803517	0.111335635	0.8609463	0.1542363	0.9998435	1.037943	7.2124076	-14.040078	-370.9325	92.12115	92.05355	0.0031988	0.00015393134	0.0002517589	-0.15861802	0.8540312	4.218721	4.2036147	0.3078811	4.6555147	0.85377944	461.3564	89.570145	-0.05759583	2.9566803	19.23898	-0.9998438	0.31337833	158.51515	10259.571565628052
67	1669.5555	596.3184	2562.3538	38.341263	1576943.1	628284.9	2246648.8	0.0	8.764963	1.9289602	13.756047	2.5739133	5.8928337	2.2106671	8.111899	0.0	288.0	288.0	0.0	0.0	69780.23	0.034205993412990195	2010001.0	462.2374	187.58383	836.54846	-14.996071	462.2367	187.58546	837.0705	-15.712535	4.2920218	0.18286061	5.79627	3.480489	0.30200985	0.08945286	0.77595764	0.15913974	1.0000117	1.0175855	6.9551973	-13.119444	-373.2639	93.659645	93.612144	0.0030969544	0.00013311549	0.00010834223	-0.14369984	0.866879	4.2918687	4.2778416	0.3019962	4.7261786	0.86677057	461.89307	87.76239	0.040644605	2.9213536	18.570576	-1.0000119	0.31062222	159.28906	10418.971514940262
68	1672.1007	589.636	2571.6572	42.745586	1812290.0	708685.06	2607576.2	0.0	8.488187	1.958245	13.132221	2.6596005	4.550193	1.5832471	5.899307	0.0	288.0	288.0	0.0	0.0	70662.734	0.03413658665458937	2040001.0	464.5194	186.71042	851.5549	-15.673793	464.51947	186.71301	838.2123	-14.600416	4.32189	0.17949344	5.663689	3.4739387	0.30507317	0.08877362	0.70986426	0.16348287	1.0001277	1.0199805	5.6042304	-11.357132	-375.25903	94.25486	94.204636	0.0030873576	0.00013137155	1.698416e-05	-0.14742	0.8636595	4.321592	4.307985	0.3050518	4.7582016	0.8636426	464.18448	88.06177	0.0017433893	2.9180079	18.50731	-1.0001276	0.30000806	160.21324	10579.165141105652
69	1628.2239	558.187	2528.8096	28.186054	1853452.6	507302.0	2771548.8	1198740.6	8.229609	1.5465934	13.426948	2.3318667	6.25122	1.4471917	8.623941	4.2658825	288.0	288.0	0.0	0.0	71520.71	0.03405748139880952	2070001.0	465.8422	186.2099	834.60077	-17.719713	465.84207	186.21191	830.4619	-17.069353	4.291952	0.17885783	5.6514335	3.4744124	0.3014677	0.09204965	0.7231702	0.16194454	0.9997889	1.0176804	4.267232	-12.355743	-376.07327	93.674675	93.62507	0.00306665	0.00013146955	0.00028552202	-0.14466543	0.86601907	4.291121	4.277095	0.30142906	4.724808	0.8657336	465.50568	88.56666	-0.00053905643	2.9309158	18.745432	-0.9997892	0.3068304	158.75606	10737.91212964058
70	1607.0562	643.9003	2592.0864	37.553448	1520854.2	548246.1	2056549.2	0.0	8.333125	1.9693099	14.062375	3.2740676	5.2545958	2.076512	7.65687	0.0	288.0	288.0	0.0	0.0	72390.31	0.03398606220657277	2100001.0	465.54636	186.12434	833.5949	-17.345938	465.54556	186.12671	831.60266	-15.089477	4.264416	0.18606873	5.5972276	3.435883	0.3047818	0.0952426	0.7606716	0.15625477	1.0003612	1.0412797	8.856149	-10.877901	-376.60187	93.69638	93.67298	0.003175697	0.00014183499	-0.0001894249	-0.16865692	0.84570116	4.2628317	4.248384	0.30467024	4.698642	0.8458906	465.18433	87.73658	0.010738289	2.926893	18.6725	-1.0003614	0.27893448	160.27386	10898.119203090668
71	1536.1842	652.5581	2504.8567	25.281452	1303014.8	743462.56	2117407.8	150.0	8.449789	2.0833242	12.685442	1.158212	4.59904	2.3619168	6.8070674	0.0	288.0	288.0	0.0	0.0	73269.45	0.033921043113425926	2130001.0	463.7784	185.26779	832.56934	-15.685006	463.77786	185.2695	834.153	-15.0696745	4.289416	0.18598877	5.72318	3.4583514	0.30735525	0.10274657	0.7947159	0.14982376	1.0002817	1.0016139	6.3184233	-11.226429	-369.77612	92.516365	92.497986	0.00307862	0.00013497418	-0.00014545425	-0.10630454	0.89975744	4.288471	4.274391	0.30731654	4.7256074	0.8999029	463.43533	92.75931	-0.0679849	2.976869	19.62969	-1.0002815	0.31869078	157.54225	11055.724997282028
72	1688.8322	579.7908	2485.9373	42.389812	1682764.0	545534.9	2511342.5	696324.0	8.356586	1.9373854	12.277356	2.5035703	4.9544783	1.6003208	8.723202	2.6129868	288.0	288.0	0.0	0.0	74140.91	0.0338542950913242	2160001.0	461.2737	186.01785	833.0173	-18.249693	461.2732	186.01897	829.67584	-19.755499	4.274512	0.18237557	5.630686	3.4385831	0.29899192	0.09114365	0.6789014	0.1524022	0.99959284	1.0204515	5.4392624	-11.413271	-372.02863	92.78058	92.747734	0.0030621004	0.00013412895	0.0004760905	-0.12952797	0.87954086	4.273229	4.258937	0.29892677	4.705078	0.8790648	460.9292	88.02152	0.059519254	2.9287553	18.709135	-0.99959224	0.30287433	158.64842	11214.36944103241
73	1653.7975	574.2377	2600.0432	24.526861	1792217.6	671312.94	2466500.0	0.0	8.007167	2.0729566	13.191789	1.9203559	4.2023063	1.8314863	7.076087	0.0	288.0	288.0	0.0	0.0	74974.22	0.03377217060810811	2190001.0	463.62354	186.1386	839.29065	-20.32626	463.6227	186.14082	834.99225	-20.859543	4.2770696	0.18263984	5.593507	3.4183965	0.30128255	0.094506875	0.70559436	0.15619306	1.0001994	1.023469	7.474351	-11.686909	-375.57507	93.359924	93.331314	0.003102718	0.00013617628	-4.675061e-05	-0.15320443	0.8589444	4.276044	4.261797	0.30122164	4.7093353	0.85899115	463.28296	86.8489	-0.005264998	2.9145906	18.442335	-1.0001991	0.28611135	158.1047	11372.49268746376
74	1572.2727	647.0047	2575.942	30.01558	2181097.5	399856.97	2663329.2	1137649.9	8.361326	2.0261996	13.015576	2.5309165	7.2454734	1.0755905	9.096269	5.7635202	288.0	288.0	0.0	0.0	75844.266	0.0337085625	2220001.0	464.8129	187.08325	839.738	-18.577822	464.81287	187.08453	836.15936	-18.150911	4.2825313	0.18403809	5.6359997	3.4566274	0.30269077	0.0965779	0.7242583	0.1548126	1.0002854	1.0197858	6.417203	-12.333458	-376.18457	94.06735	94.03713	0.0030882224	0.00013690778	-0.00013001083	-0.14349538	0.8670237	4.281312	4.2671375	0.30262786	4.7154837	0.8671537	464.4724	87.420715	-0.006227984	2.9198537	18.539383	-1.0002859	0.29060006	157.98552	11530.506284952164
75	1589.1945	682.35425	2545.0667	40.171387	1755906.2	714405.9	2478805.2	0.0	8.476032	2.1190853	15.295634	2.640658	4.7727695	1.8066845	6.535397	0.0	288.0	288.0	0.0	0.0	76729.11	0.033653118146929825	2250001.0	463.5796	186.208	832.7911	-18.541039	463.57867	186.2099	833.0391	-20.666178	4.2937307	0.1847596	5.611179	3.431703	0.30222028	0.09436138	0.72042334	0.15652251	0.9998124	1.0023798	5.0767756	-11.367406	-374.05127	92.45303	92.440285	0.0030540796	0.00013309158	0.00027031905	-0.11731464	0.89037466	4.293602	4.279593	0.30224255	4.727665	0.89010435	463.25394	88.3126	0.022733757	2.9274194	18.681759	-0.999812	0.28763056	159.44604	11689.91794872284
76	1639.7609	601.15356	2552.9075	53.735054	1995021.2	405213.6	2553856.8	1301497.9	8.445212	1.7645599	14.679631	2.874562	8.428491	1.5573409	11.057819	6.0275564	288.0	288.0	0.0	0.0	77608.93	0.03359693925865801	2280001.0	463.8744	187.39354	840.6429	-14.285236	463.87366	187.39505	835.9372	-14.8184	4.289904	0.183309	5.6874104	3.4561954	0.30037785	0.092239015	0.7169141	0.1585469	1.0003617	1.0229206	7.2607045	-12.255208	-375.91953	92.845535	92.84748	0.003070352	0.00013366986	-0.00020305338	-0.14379105	0.8669992	4.288979	4.274914	0.30033275	4.721799	0.86720234	463.55054	86.763824	0.0021766422	2.910827	18.374422	-1.0003614	0.29841638	156.29315	11846.110071659088
77	1676.6692	512.857	2522.3704	61.509502	1381339.1	772455.5	2469120.0	0.0	8.142457	2.1341221	17.87426	2.8466437	5.949085	2.3444514	9.19285	0.0	288.0	288.0	0.0	0.0	78457.58	0.03352887954059829	2310001.0	464.5346	186.41325	831.6974	-15.507476	464.53384	186.41496	829.0854	-15.933219	4.2892246	0.18985075	5.7176185	3.4340522	0.30671346	0.10649452	0.7921692	0.15521334	1.0002823	1.0192796	6.5474896	-11.71364	-372.04092	92.573265	92.5761	0.00310645	0.0001432149	-0.00013347265	-0.12865189	0.8802043	4.28781	4.2737107	0.3066433	4.724094	0.8803378	464.1916	91.270294	-0.120559044	2.960814	19.32199	-1.0002823	0.31702685	153.8309	11999.976720571518
78	1671.5824	553.65875	2514.1274	64.18204	1704174.2	360733.88	2357754.0	1245119.0	8.850331	1.6868019	13.719761	4.2359595	4.961002	1.6282985	7.653088	3.059243	288.0	288.0	0.0	0.0	79379.14	0.03349330828059072	2340001.0	462.82266	186.11746	827.39954	-16.95312	462.82288	186.11806	825.3809	-16.822868	4.2909894	0.18104807	5.606239	3.4275854	0.29763988	0.091834225	0.7162796	0.15547262	0.9996442	1.0058243	5.2047186	-11.071289	-371.96893	93.08844	93.09141	0.0030213115	0.00013365963	0.00042465405	-0.11389351	0.89350015	4.2904797	4.276438	0.29764363	4.7213526	0.8930755	462.4892	89.62714	0.035082776	2.943465	18.984001	-0.99964494	0.30767393	154.22356	12154.25153374672
79	1592.8563	601.49963	2499.6448	20.32578	1986359.0	390700.4	2504582.0	1360590.5	7.740793	2.0529764	13.228216	0.78358465	5.019517	1.5725634	8.3305645	2.701071	288.0	288.0	0.0	0.0	80185.74	0.033410725911458335	2370001.0	463.61798	185.11691	836.37964	-21.849056	463.61697	185.11981	831.153	-20.13837	4.2160635	0.18920082	5.793413	3.3755813	0.3028266	0.1102559	0.8416186	0.14907025	1.0002581	1.0491515	7.71258	-12.0071	-372.3354	92.663	92.65946	0.003155136	0.00015448754	-0.00010469656	-0.15424381	0.8579575	4.2129693	4.197785	0.30263793	4.645918	0.85806215	463.2398	90.046326	-0.025726758	2.9641917	19.383232	-1.0002574	0.30474782	155.17844	12309.356318473816
80	1655.7668	580.8534	2548.5732	30.8798	1372723.8	735493.56	2337534.2	41445.203	9.02842	2.290914	15.130033	2.5258095	6.819584	2.5300794	9.594333	1.2071867	288.0	288.0	0.0	0.0	81124.836	0.033384706147119345	2400001.0	463.7336	186.18889	833.7196	-18.025017	463.73267	186.19041	830.98773	-17.884949	4.303137	0.19382314	5.6654778	3.3828163	0.3027841	0.09430483	0.7639345	0.15183663	1.0000775	1.0039033	5.3154354	-14.371642	-373.13553	93.479706	93.463806	0.003053172	0.00013258445	3.7154103e-05	-0.1116629	0.8950015	4.3039594	4.2900662	0.3028508	4.7385116	0.89496434	463.42218	89.391685	0.04200124	2.9372475	18.86488	-1.0000782	0.29108644	156.97832	12466.439318180084
81	1633.7732	603.5437	2565.318	53.052345	1549708.4	672897.5	2154102.8	57728.85	8.660209	1.9994199	16.740473	3.7932694	6.1266136	2.124219	9.6184435	1.524479	288.0	288.0	0.0	0.0	82029.125	0.03334517276422764	2430001.0	464.2337	186.24904	835.3592	-17.104797	464.23358	186.24963	835.06287	-17.630598	4.3181	0.17947696	5.6250124	3.453097	0.30008078	0.09127281	0.7100096	0.16266003	0.99971336	1.0022259	5.808703	-12.921195	-373.0673	93.84672	93.84687	0.0030302645	0.00013011906	0.00036075403	-0.09059541	0.91428167	4.3183417	4.3046894	0.3001122	4.7511153	0.9139208	463.91028	89.92903	-0.004740531	2.9405813	18.927885	-0.9997134	0.32279897	155.88713	12622.239891290665
82	1677.8458	517.19995	2560.0269	37.105965	1631013.8	828580.56	2698942.8	0.0	8.310473	1.7658482	12.970884	1.8811481	6.1260576	2.4359004	9.505244	0.0	288.0	288.0	0.0	0.0	82892.15	0.033290019452811244	2460001.0	465.16647	185.56651	831.8873	-17.013655	465.16644	185.5675	829.1224	-17.144428	4.2959685	0.17927356	5.688399	3.4492583	0.29736856	0.09384787	0.7270531	0.16000465	1.000648	1.0247691	10.173983	-13.01108	-372.5725	93.27495	93.26525	0.0030223608	0.00013300014	-0.00045301375	-0.12356724	0.88481146	4.2948055	4.280829	0.2972958	4.725271	0.8852644	464.8243	91.36649	-0.020234574	2.9619162	19.336185	-1.000648	0.28247762	154.35318	12776.571789264679
83	1595.5144	563.91064	2419.5742	43.212467	1391909.0	753674.94	2685865.2	182155.89	8.245487	2.0241969	14.622567	2.3549526	5.186073	1.9481124	7.6523895	1.909209	288.0	288.0	0.0	0.0	83750.81	0.033234449404761904	2490001.0	464.78943	184.55399	827.79114	-16.809402	464.7884	184.55478	827.57745	-17.112057	4.239478	0.179064	5.7233443	3.424667	0.29642975	0.10095297	0.8220225	0.14887284	0.99979234	1.0318862	6.136436	-10.620354	-374.645	91.890274	91.89123	0.0030859488	0.00014347327	0.0003010602	-0.120552994	0.887373	4.237869	4.223081	0.29632854	4.666935	0.88707197	464.44125	88.90916	-0.034380283	2.9469752	19.050163	-0.99979216	0.30776381	158.2711	12934.95196723938
84	1726.6638	514.5471	2556.3503	26.243961	1898270.8	390421.88	2282981.0	1107054.6	7.9274483	1.7354102	12.112462	1.7679374	4.9768133	0.91011965	7.199378	4.101556	288.0	288.0	0.0	0.0	84578.01	0.03316784620098039	2520001.0	464.2569	184.36029	826.07806	-15.042161	464.25616	184.36183	829.42194	-17.327873	4.2303934	0.176272	5.772909	3.3934653	0.29599735	0.10234793	0.87816703	0.15440506	0.9999518	1.0331659	8.157452	-12.356428	-372.17435	93.010056	92.98773	0.0030292138	0.00014216734	0.00015587699	-0.12788315	0.88076174	4.2284718	4.213553	0.29586664	4.6571345	0.8806058	463.89883	90.843895	0.007467873	2.9705884	19.506653	-0.9999514	0.30783725	155.28865	13090.120203971863
85	1602.7852	634.95	2505.1414	39.795208	1481894.5	670592.56	2671828.5	0.0	8.095412	1.98791	11.246021	1.977188	4.6018157	2.142271	8.182	0.0	288.0	288.0	0.0	0.0	85421.24	0.0331090085998062	2550001.0	463.03998	183.63841	827.9826	-20.15439	463.03983	183.63872	827.7347	-18.433905	4.2614055	0.18875492	5.8663173	3.3618548	0.30206996	0.105139256	0.8794426	0.15869862	1.000531	1.011075	5.385092	-13.865432	-369.3408	92.417755	92.3898	0.0030734735	0.0001455095	-0.00037397828	-0.09815063	0.90791756	4.2605844	4.246096	0.30204943	4.693699	0.9082915	462.68234	92.43326	-0.03432491	2.980093	19.69202	-1.0005308	0.28245902	158.09012	13248.304467439651
86	1613.5991	591.34204	2515.5684	27.583178	1448238.2	709817.7	2298510.2	163788.44	8.532528	2.042655	14.939152	2.2698607	7.757539	2.5827758	12.79264	5.2064805	288.0	288.0	0.0	0.0	86311.35	0.033069483357279696	2580001.0	464.96136	184.55121	829.40393	-20.111343	464.9612	184.55177	829.60657	-20.312872	4.303896	0.18483122	5.673741	3.415662	0.29929462	0.09851203	0.8740852	0.16689965	1.0000676	1.019075	6.5406384	-13.499748	-372.83032	92.06975	92.041336	0.003059979	0.00013672859	7.620608e-05	-0.12256678	0.88553774	4.3040032	4.290143	0.299332	4.735694	0.88546157	464.62463	90.90885	-0.075824425	2.954615	19.19759	-1.0000675	0.28723836	158.09189	13406.418760061264
87	1505.8143	497.79883	2433.6128	36.281094	1914624.0	432021.38	2603533.5	1138988.6	7.484853	1.6096855	11.615446	1.5476544	6.471839	1.6781973	8.697995	3.7284186	288.0	288.0	0.0	0.0	87088.72	0.03298815104166666	2610001.0	462.61118	183.24583	823.42676	-23.370075	462.60986	183.24924	826.1517	-23.618473	4.187918	0.2147236	5.9367776	3.390549	0.30934563	0.14672753	1.0544282	0.15335903	1.0000055	1.0388592	6.901742	-11.576043	-363.3634	92.40365	92.37222	0.003250087	0.00018573603	0.00016237897	-0.11601418	0.8913116	4.184309	4.168628	0.30914512	4.618832	0.8911492	462.18903	97.93449	-0.21952337	3.0540218	21.206573	-1.000006	0.2983172	158.44365	13564.759934663773
88	1562.0676	575.1939	2515.9045	35.181866	1733172.8	696544.5	2499657.0	0.0	7.526809	1.8988268	14.272687	3.5444148	3.5505078	1.7432034	7.285622	0.0	288.0	288.0	0.0	0.0	87873.914	0.032911578300561795	2640001.0	457.43848	182.08702	815.84674	-24.16136	457.438	182.08858	816.9422	-24.822416	4.1925364	0.19487475	5.9720583	3.395404	0.30320078	0.13314217	1.0040026	0.1588972	0.9999373	1.0240176	5.233171	-11.750456	-354.7701	92.04847	92.01863	0.0031243039	0.0001683361	0.00022204783	-0.08309046	0.9218117	4.190033	4.174487	0.3030653	4.6213303	0.92158973	457.02237	101.33065	-0.15322456	3.0874403	21.925379	-0.9999373	0.31636667	159.38416	13724.259950876236
89	1546.351	590.8705	2493.2312	48.632565	1627118.6	757217.06	2557165.0	473057.5	7.531033	1.8123851	12.354135	1.9058456	4.5764136	1.2173228	6.173945	2.8476093	288.0	288.0	0.0	0.0	88657.32	0.032836044560185185	2670001.0	457.01205	183.27861	817.83057	-27.68298	457.01193	183.27936	821.2242	-28.695055	4.174342	0.16660249	5.4922066	3.366937	0.28554806	0.09145434	0.68776673	0.16241778	1.0001564	1.0386412	3.8815105	-11.942661	-359.7821	93.71145	93.663574	0.002954252	0.00013907187	6.799356e-05	-0.12701203	0.8814444	4.171654	4.1558766	0.28537303	4.593294	0.88137645	456.59732	95.93386	0.31039044	3.0385027	20.887878	-1.0001566	0.27988172	159.19495	13883.39961528778
90	1592.5997	637.2086	2528.273	37.569687	1644302.4	673131.06	2418875.8	14789.642	8.590785	1.9997523	16.405281	2.0519764	5.4956455	2.2063084	8.152346	0.48372954	288.0	288.0	0.0	0.0	89554.055	0.032803683035714286	2700001.0	460.66458	183.95348	821.4475	-26.231386	460.66467	183.95361	817.82275	-25.228216	4.2651463	0.1746781	5.5997252	3.412395	0.2993536	0.090715036	0.72575176	0.17626865	1.0001389	1.0129915	4.3957467	-11.201164	-369.17526	94.1339	94.09082	0.0030695251	0.0001365082	4.5696816e-05	-0.11128095	0.895978	4.265212	4.2508283	0.2993903	4.697582	0.8959323	460.29694	90.22572	0.02426806	2.95514	19.20613	-1.0001388	0.30506802	158.27592	14041.699386119843
91	1614.5337	671.6673	2483.001	41.9704	1765761.0	491924.7	2570166.2	1185825.5	8.269917	1.9507987	14.241348	2.1104121	7.962014	2.09351	11.230032	4.5033298	288.0	288.0	0.0	0.0	90415.64	0.03275929008152174	2730001.0	463.30933	183.89996	825.7676	-23.164274	463.30954	183.8998	821.01465	-23.63076	4.2908354	0.17491287	5.6257925	3.435268	0.30160263	0.08821194	0.7383211	0.17821068	1.0000823	1.0201373	5.1792626	-12.047396	-372.9698	92.78806	92.747185	0.0030642063	0.00013574581	0.000109905195	-0.13456456	0.87530357	4.290778	4.2767563	0.30160844	4.725001	0.8751936	462.96033	89.11536	0.013357382	2.9370239	18.860676	-1.0000824	0.30138516	158.60286	14200.30786061287
92	1644.6897	537.395	2411.7073	61.61137	1492736.2	804355.44	2441324.5	0.0	7.8281	1.602217	12.426937	3.4840796	4.4457192	2.4153862	6.8547034	0.0	288.0	288.0	0.0	0.0	91230.94	0.03269926075268817	2760001.0	463.98965	184.28705	821.9878	-24.924654	463.98923	184.28856	821.208	-23.440224	4.23226	0.18283157	5.64402	3.3876126	0.3087471	0.10670888	0.8340173	0.16121121	1.0002367	1.0502815	8.563683	-12.779074	-372.13116	93.55427	93.50898	0.0031837474	0.00015330795	-1.6569614e-06	-0.15367801	0.85847765	4.2305455	4.2156405	0.30863294	4.668258	0.8584793	463.6039	90.61425	-0.054473713	2.9657583	19.411121	-1.0002367	0.29282093	158.49335	14358.729450464249
93	1612.4618	593.24884	2553.1467	40.626564	2022873.2	403110.75	2627962.2	1386121.2	8.779972	2.0289695	15.103017	2.1461387	6.112785	1.7984853	8.735299	2.3498414	288.0	288.0	0.0	0.0	92145.93	0.032675861591312055	2790001.0	464.83945	184.30682	820.9372	-20.867249	464.83932	184.30641	820.19836	-21.81226	4.2958503	0.17512688	5.6111445	3.4973228	0.30449474	0.08862381	0.7828231	0.16103236	1.0002899	1.0071269	2.7646105	-11.041623	-372.33502	93.114265	93.0726	0.0030652664	0.0001339242	-9.024864e-05	-0.12064873	0.8874714	4.296843	4.2829013	0.30457926	4.733128	0.8875617	464.50186	91.2793	-0.009772344	2.95914	19.28477	-1.0002902	0.30016565	158.42091	14517.217419862747
94	1575.9985	659.60425	2553.6716	27.87368	1665118.9	631097.6	2313604.0	0.0	7.7152524	2.0868855	12.797956	1.1317956	5.7548656	2.1031046	8.225892	0.0	288.0	288.0	0.0	0.0	92947.34	0.03261310307017544	2820001.0	462.20038	184.23244	818.3274	-23.932777	462.20013	184.23457	818.00323	-24.73592	4.2257786	0.1978014	5.744675	3.375258	0.3052782	0.113030404	0.8824908	0.1567351	0.9996542	1.0311235	5.138917	-14.942481	-365.63925	92.7753	92.72717	0.0031458568	0.00015939545	0.00046508905	-0.14074576	0.8695757	4.223825	4.2087717	0.30516428	4.6585264	0.8691106	461.81668	95.30826	-0.02906363	3.0183995	20.45994	-0.9996543	0.2850628	158.42307	14675.649942398071
95	1573.2482	616.9978	2513.454	22.218393	1165385.5	901566.56	2422682.0	0.0	7.61891	1.9637803	11.358447	2.050981	5.3394995	3.9424887	12.361696	0.0	288.0	288.0	0.0	0.0	93741.61	0.032549169921875	2850001.0	461.62286	183.99805	821.38794	-29.205055	461.6223	184.00034	818.7649	-29.155006	4.2072115	0.18998662	5.633019	3.4320195	0.30558306	0.108939596	0.82504606	0.16371739	1.0008044	1.0509845	6.3155894	-12.100324	-367.79834	92.7191	92.67293	0.0031898757	0.00016455408	-0.00048697394	-0.1647226	0.84884375	4.2052703	4.1899524	0.30545992	4.640487	0.8493307	461.23724	92.58955	0.03172874	2.9933093	19.952726	-1.0008043	0.324656	159.21207	14834.888125419617
96	1574.1781	609.73944	2548.5432	28.19429	1537119.4	627469.0	2335274.8	513196.56	7.847964	1.7698255	12.5736475	3.3360178	5.389322	0.9923461	7.3979893	4.1722374	288.0	288.0	0.0	0.0	94559.88	0.032494805090206184	2880001.0	462.58984	183.58188	815.87384	-27.1601	462.5891	183.58293	813.55896	-27.429478	4.2282066	0.18234798	5.7106285	3.485477	0.3031479	0.105408475	0.82720506	0.16007333	0.9998032	1.025386	3.8306837	-12.382551	-369.60812	92.61262	92.5651	0.0030894228	0.0001531205	0.00034187172	-0.13949125	0.87059325	4.2274313	4.212475	0.30309182	4.6612206	0.8702513	462.23672	91.75841	0.021930333	2.9797769	19.685955	-0.9998033	0.298105	157.9584	14992.749560832977
97	1602.8287	587.41473	2461.939	21.670782	1630683.5	716743.94	2321100.8	254560.66	8.280023	2.1051724	13.672924	1.2682463	6.2029696	2.763198	9.0916195	0.7469376	288.0	288.0	0.0	0.0	95422.6	0.03245666719812925	2910001.0	461.94095	183.9532	816.3986	-29.593824	461.93988	183.95453	814.74506	-29.775694	4.3009305	0.18832144	5.7444916	3.5172899	0.30710652	0.10067273	0.83756685	0.17384467	0.99988633	1.0093216	10.253881	-12.640009	-369.79266	92.842476	92.80226	0.003120751	0.00014996152	0.00025458762	-0.11928145	0.88868874	4.3018794	4.2879825	0.30717835	4.7392244	0.8884341	461.60184	90.92075	-0.06578395	2.9539459	19.184631	-0.99988645	0.28786016	157.6679	15150.405180215836
98	1689.1769	625.1949	2540.0522	18.559414	1476406.1	681634.75	2507215.0	0.0	8.216786	2.1499615	12.670075	1.719151	4.9692574	2.0268047	8.211769	0.0	288.0	288.0	0.0	0.0	96279.17	0.03241722958754209	2940001.0	461.65875	184.76802	817.5143	-21.200842	461.65778	184.76892	816.1113	-21.636522	4.2382445	0.17787749	5.5964828	3.459658	0.2980081	0.09799064	0.7913378	0.16863592	1.0003649	1.0225077	6.3111486	-14.013385	-369.4473	93.31359	93.262985	0.003025964	0.00014641757	-0.00015092717	-0.13326167	0.8762152	4.2374163	4.2226214	0.29795498	4.66803	0.87636614	461.2938	90.97013	0.06353055	2.9696	19.489845	-1.0003653	0.29111552	157.41977	15307.810165166855
99	1593.9839	601.40985	2476.2014	30.464582	1834664.4	702438.4	2609471.5	372500.72	7.87562	1.8325983	13.102626	3.6693785	5.0594873	1.3012265	7.1152472	2.354733	288.0	288.0	0.0	0.0	97098.516	0.032366171875	2970001.0	461.4299	184.6254	823.9439	-20.030125	461.42957	184.62671	815.0367	-20.700214	4.2385707	0.18215857	5.6221204	3.5224764	0.30033398	0.1049889	0.813471	0.16493838	1.000209	1.0285814	4.5029206	-11.578598	-369.299	92.95147	92.90192	0.0030867595	0.00015507381	-1.566391e-05	-0.14491771	0.86605036	4.237514	4.2227135	0.30025598	4.6692486	0.86606604	461.06293	90.89788	-0.019149788	2.9687364	19.468817	-1.0002093	0.2964003	158.93915	15466.898919343948
